#	X	Y
0	0.00000
1	0.00000
2	0.00000
3	0.00000
4	0.00000
5	0.00000
6	0.00000
7	0.00000
8	0.00000
9	0.00000
10	0.00000
11	0.00000
12	0.07692
13	0.07143
14	0.06667
15	0.06250
16	0.05882
17	0.05556
18	0.05263
19	0.05000
20	0.04762
21	0.04545
22	0.04348
23	0.04167
24	0.04000
25	0.03846
26	0.03704
27	0.03571
28	0.03448
29	0.03333
30	0.03226
31	0.06250
32	0.09091
33	0.08824
34	0.11429
35	0.13889
36	0.16216
37	0.15789
38	0.15385
39	0.15000
40	0.14634
41	0.14286
42	0.16279
43	0.15909
44	0.17778
45	0.19565
46	0.21277
47	0.20833
48	0.20408
49	0.20000
50	0.19608
51	0.19231
52	0.18868
53	0.20370
54	0.21818
55	0.21429
56	0.22807
57	0.22414
58	0.22034
59	0.21667
60	0.21311
61	0.20968
62	0.20635
63	0.20312
64	0.20000
65	0.19697
66	0.19403
67	0.19118
68	0.18841
69	0.18571
70	0.18310
71	0.18056
72	0.17808
73	0.17568
74	0.17333
75	0.17105
76	0.16883
77	0.16667
78	0.16456
79	0.16250
80	0.17284
81	0.17073
82	0.18072
83	0.17857
84	0.17647
85	0.17442
86	0.17241
87	0.17045
88	0.16854
89	0.16667
90	0.16484
91	0.16304
92	0.16129
93	0.17021
94	0.16842
95	0.17708
96	0.17526
97	0.17347
98	0.17172
99	0.17000
100	0.16832
101	0.16667
102	0.16505
103	0.17308
104	0.17143
105	0.16981
106	0.16822
107	0.16667
108	0.16514
109	0.16364
110	0.16216
111	0.16071
112	0.15929
113	0.15789
114	0.15652
115	0.15517
116	0.15385
117	0.15254
118	0.15966
119	0.15833
120	0.15702
121	0.15574
122	0.15447
123	0.15323
124	0.15200
125	0.15079
126	0.14961
127	0.14844
128	0.14729
129	0.14615
130	0.15267
131	0.15152
132	0.15038
133	0.15672
134	0.15556
135	0.15441
136	0.15328
137	0.15217
138	0.15108
139	0.15714
140	0.16312
141	0.16197
142	0.16084
143	0.15972
144	0.15862
145	0.15753
146	0.15646
147	0.16216
148	0.16779
149	0.17333
150	0.17219
151	0.17105
152	0.16993
153	0.16883
154	0.16774
155	0.17308
156	0.17197
157	0.17089
158	0.16981
159	0.16875
160	0.16770
161	0.16667
162	0.16564
163	0.16463
164	0.16364
165	0.16265
166	0.16168
167	0.16071
168	0.15976
169	0.15882
170	0.15789
171	0.15698
172	0.15607
173	0.15517
174	0.15429
175	0.15341
176	0.15254
177	0.15169
178	0.15084
179	0.15000
180	0.14917
181	0.15385
182	0.15301
183	0.15217
184	0.15135
185	0.15591
186	0.16043
187	0.15957
188	0.15873
189	0.15789
190	0.15707
191	0.16146
192	0.16062
193	0.15979
194	0.15897
195	0.16327
196	0.16244
197	0.16667
198	0.16583
199	0.16500
200	0.16915
201	0.16832
202	0.17241
203	0.17157
204	0.17073
205	0.16990
206	0.16908
207	0.16827
208	0.16746
209	0.16667
210	0.16588
211	0.16509
212	0.16432
213	0.16355
214	0.16279
215	0.16204
216	0.16129
217	0.16055
218	0.15982
219	0.16364
220	0.16290
221	0.16216
222	0.16143
223	0.16518
224	0.16444
225	0.16372
226	0.16300
227	0.16667
228	0.17031
229	0.16957
230	0.16883
231	0.17241
232	0.17167
233	0.17094
234	0.17447
235	0.17797
236	0.18143
237	0.18487
238	0.18410
239	0.18750
240	0.18672
241	0.18595
242	0.18519
243	0.18443
244	0.18367
245	0.18699
246	0.18623
247	0.18548
248	0.18474
249	0.18800
250	0.18725
251	0.18651
252	0.18577
253	0.18504
254	0.18431
255	0.18359
256	0.18288
257	0.18217
258	0.18147
259	0.18077
260	0.18008
261	0.17939
262	0.17871
263	0.17803
264	0.18113
265	0.18045
266	0.17978
267	0.17910
268	0.18216
269	0.18148
270	0.18081
271	0.18015
272	0.17949
273	0.18248
274	0.18545
275	0.18478
276	0.18773
277	0.18705
278	0.18638
279	0.18929
280	0.18861
281	0.18794
282	0.18728
283	0.18662
284	0.18596
285	0.18531
286	0.18467
287	0.18750
288	0.19031
289	0.18966
290	0.18900
291	0.19178
292	0.19113
293	0.19048
294	0.18983
295	0.18919
296	0.18855
297	0.18792
298	0.18729
299	0.18667
300	0.18605
301	0.18543
302	0.18482
303	0.18421
304	0.18361
305	0.18301
306	0.18241
307	0.18182
308	0.18123
309	0.18065
310	0.18006
311	0.17949
312	0.17891
313	0.17834
314	0.17778
315	0.17722
316	0.17666
317	0.17610
318	0.17555
319	0.17500
320	0.17445
321	0.17391
322	0.17337
323	0.17284
324	0.17231
325	0.17178
326	0.17125
327	0.17073
328	0.17021
329	0.16970
330	0.16918
331	0.16867
332	0.16817
333	0.16766
334	0.16716
335	0.16964
336	0.16914
337	0.17160
338	0.17109
339	0.17059
340	0.17009
341	0.16959
342	0.16910
343	0.16860
344	0.16812
345	0.16763
346	0.16715
347	0.16954
348	0.17192
349	0.17429
350	0.17379
351	0.17330
352	0.17280
353	0.17232
354	0.17183
355	0.17416
356	0.17647
357	0.17877
358	0.17827
359	0.17778
360	0.17729
361	0.17680
362	0.17631
363	0.17582
364	0.17534
365	0.17486
366	0.17439
367	0.17391
368	0.17615
369	0.17568
370	0.17520
371	0.17473
372	0.17426
373	0.17647
374	0.17600
375	0.17553
376	0.17507
377	0.17460
378	0.17414
379	0.17368
380	0.17323
381	0.17539
382	0.17755
383	0.17969
384	0.17922
385	0.17876
386	0.18088
387	0.18299
388	0.18252
389	0.18205
390	0.18159
391	0.18112
392	0.18066
393	0.18020
394	0.17975
395	0.18182
396	0.18388
397	0.18342
398	0.18296
399	0.18250
400	0.18454
401	0.18408
402	0.18362
403	0.18317
404	0.18272
405	0.18227
406	0.18182
407	0.18137
408	0.18093
409	0.18049
410	0.18005
411	0.17961
412	0.17918
413	0.17874
414	0.17831
415	0.17788
416	0.17746
417	0.17703
418	0.17661
419	0.17619
420	0.17577
421	0.17536
422	0.17494
423	0.17453
424	0.17412
425	0.17371
426	0.17564
427	0.17523
428	0.17483
429	0.17442
430	0.17401
431	0.17361
432	0.17321
433	0.17281
434	0.17241
435	0.17431
436	0.17620
437	0.17580
438	0.17540
439	0.17500
440	0.17460
441	0.17421
442	0.17381
443	0.17342
444	0.17303
445	0.17265
446	0.17450
447	0.17634
448	0.17817
449	0.17778
450	0.17960
451	0.17920
452	0.17881
453	0.17841
454	0.17802
455	0.17763
456	0.17724
457	0.17686
458	0.17647
459	0.17609
460	0.17570
461	0.17532
462	0.17495
463	0.17457
464	0.17634
465	0.17597
466	0.17559
467	0.17521
468	0.17484
469	0.17447
470	0.17622
471	0.17797
472	0.17970
473	0.17932
474	0.17895
475	0.17857
476	0.18029
477	0.18201
478	0.18163
479	0.18125
480	0.18087
481	0.18050
482	0.18012
483	0.17975
484	0.17938
485	0.18107
486	0.18070
487	0.18238
488	0.18200
489	0.18163
490	0.18126
491	0.18089
492	0.18053
493	0.18016
494	0.17980
495	0.17944
496	0.17907
497	0.17871
498	0.17836
499	0.17800
500	0.17964
501	0.18127
502	0.18290
503	0.18452
504	0.18416
505	0.18379
506	0.18343
507	0.18307
508	0.18271
509	0.18235
510	0.18395
511	0.18359
512	0.18519
513	0.18677
514	0.18835
515	0.18992
516	0.19149
517	0.19112
518	0.19075
519	0.19231
520	0.19194
521	0.19157
522	0.19120
523	0.19084
524	0.19048
525	0.19011
526	0.18975
527	0.18939
528	0.18904
529	0.18868
530	0.18832
531	0.18985
532	0.18949
533	0.18914
534	0.18879
535	0.18843
536	0.18808
537	0.18773
538	0.18924
539	0.19074
540	0.19039
541	0.19188
542	0.19337
543	0.19301
544	0.19266
545	0.19231
546	0.19196
547	0.19161
548	0.19126
549	0.19091
550	0.19056
551	0.19022
552	0.18987
553	0.18953
554	0.18919
555	0.18885
556	0.18851
557	0.18817
558	0.18784
559	0.18750
560	0.18717
561	0.18683
562	0.18828
563	0.18972
564	0.19115
565	0.19081
566	0.19048
567	0.19190
568	0.19156
569	0.19123
570	0.19089
571	0.19056
572	0.19023
573	0.18990
574	0.18957
575	0.18924
576	0.18891
577	0.18858
578	0.18826
579	0.18793
580	0.18761
581	0.18729
582	0.18696
583	0.18836
584	0.18974
585	0.19113
586	0.19080
587	0.19048
588	0.19015
589	0.19153
590	0.19120
591	0.19257
592	0.19224
593	0.19192
594	0.19160
595	0.19128
596	0.19095
597	0.19064
598	0.19032
599	0.19000
600	0.19135
601	0.19269
602	0.19403
603	0.19371
604	0.19339
605	0.19307
606	0.19275
607	0.19243
608	0.19376
609	0.19344
610	0.19313
611	0.19281
612	0.19250
613	0.19218
614	0.19187
615	0.19156
616	0.19125
617	0.19094
618	0.19063
619	0.19194
620	0.19324
621	0.19293
622	0.19422
623	0.19551
624	0.19520
625	0.19489
626	0.19458
627	0.19586
628	0.19555
629	0.19524
630	0.19493
631	0.19462
632	0.19431
633	0.19401
634	0.19370
635	0.19340
636	0.19309
637	0.19279
638	0.19249
639	0.19219
640	0.19189
641	0.19159
642	0.19129
643	0.19099
644	0.19070
645	0.19040
646	0.19011
647	0.18981
648	0.18952
649	0.18923
650	0.18894
651	0.18865
652	0.18836
653	0.18807
654	0.18779
655	0.18750
656	0.18721
657	0.18693
658	0.18816
659	0.18939
660	0.19062
661	0.19033
662	0.19155
663	0.19127
664	0.19098
665	0.19069
666	0.19040
667	0.19162
668	0.19283
669	0.19254
670	0.19225
671	0.19196
672	0.19168
673	0.19139
674	0.19111
675	0.19083
676	0.19055
677	0.19027
678	0.19146
679	0.19265
680	0.19383
681	0.19355
682	0.19473
683	0.19444
684	0.19416
685	0.19388
686	0.19360
687	0.19331
688	0.19303
689	0.19275
690	0.19247
691	0.19220
692	0.19192
693	0.19308
694	0.19424
695	0.19397
696	0.19369
697	0.19341
698	0.19313
699	0.19286
700	0.19258
701	0.19373
702	0.19346
703	0.19460
704	0.19433
705	0.19405
706	0.19378
707	0.19350
708	0.19323
709	0.19296
710	0.19409
711	0.19522
712	0.19635
713	0.19748
714	0.19860
715	0.19832
716	0.19805
717	0.19777
718	0.19750
719	0.19861
720	0.19834
721	0.19806
722	0.19779
723	0.19751
724	0.19724
725	0.19697
726	0.19670
727	0.19643
728	0.19616
729	0.19589
730	0.19562
731	0.19536
732	0.19509
733	0.19482
734	0.19456
735	0.19429
736	0.19403
737	0.19377
738	0.19350
739	0.19324
740	0.19298
741	0.19272
742	0.19246
743	0.19220
744	0.19195
745	0.19169
746	0.19143
747	0.19118
748	0.19092
749	0.19067
750	0.19041
751	0.19016
752	0.18991
753	0.18966
754	0.18940
755	0.18915
756	0.18890
757	0.18997
758	0.18972
759	0.18947
760	0.19054
761	0.19029
762	0.19135
763	0.19110
764	0.19085
765	0.19060
766	0.19035
767	0.19010
768	0.18986
769	0.18961
770	0.18936
771	0.18912
772	0.18887
773	0.18992
774	0.18968
775	0.19072
776	0.19048
777	0.19023
778	0.18999
779	0.18974
780	0.18950
781	0.18926
782	0.18902
783	0.18878
784	0.18854
785	0.18830
786	0.18806
787	0.18782
788	0.18758
789	0.18734
790	0.18710
791	0.18687
792	0.18789
793	0.18766
794	0.18742
795	0.18719
796	0.18695
797	0.18672
798	0.18648
799	0.18625
800	0.18602
801	0.18579
802	0.18555
803	0.18532
804	0.18509
805	0.18486
806	0.18463
807	0.18441
808	0.18541
809	0.18519
810	0.18496
811	0.18473
812	0.18573
813	0.18550
814	0.18528
815	0.18505
816	0.18482
817	0.18460
818	0.18437
819	0.18415
820	0.18392
821	0.18491
822	0.18469
823	0.18447
824	0.18424
825	0.18402
826	0.18380
827	0.18357
828	0.18335
829	0.18434
830	0.18412
831	0.18389
832	0.18367
833	0.18345
834	0.18443
835	0.18541
836	0.18638
837	0.18735
838	0.18713
839	0.18810
840	0.18787
841	0.18765
842	0.18743
843	0.18720
844	0.18698
845	0.18676
846	0.18654
847	0.18632
848	0.18610
849	0.18588
850	0.18566
851	0.18545
852	0.18523
853	0.18501
854	0.18480
855	0.18458
856	0.18436
857	0.18415
858	0.18393
859	0.18372
860	0.18351
861	0.18329
862	0.18308
863	0.18287
864	0.18266
865	0.18245
866	0.18224
867	0.18203
868	0.18182
869	0.18161
870	0.18140
871	0.18234
872	0.18328
873	0.18307
874	0.18286
875	0.18265
876	0.18244
877	0.18223
878	0.18203
879	0.18182
880	0.18161
881	0.18254
882	0.18233
883	0.18326
884	0.18305
885	0.18284
886	0.18264
887	0.18356
888	0.18448
889	0.18427
890	0.18519
891	0.18610
892	0.18589
893	0.18568
894	0.18547
895	0.18527
896	0.18506
897	0.18486
898	0.18465
899	0.18444
900	0.18424
901	0.18404
902	0.18383
903	0.18363
904	0.18343
905	0.18322
906	0.18302
907	0.18282
908	0.18262
909	0.18352
910	0.18441
911	0.18421
912	0.18401
913	0.18490
914	0.18470
915	0.18450
916	0.18430
917	0.18410
918	0.18390
919	0.18370
920	0.18350
921	0.18330
922	0.18310
923	0.18290
924	0.18270
925	0.18359
926	0.18339
927	0.18319
928	0.18299
929	0.18280
930	0.18260
931	0.18348
932	0.18328
933	0.18308
934	0.18289
935	0.18269
936	0.18356
937	0.18337
938	0.18317
939	0.18298
940	0.18278
941	0.18259
942	0.18240
943	0.18220
944	0.18201
945	0.18182
946	0.18163
947	0.18143
948	0.18124
949	0.18211
950	0.18297
951	0.18382
952	0.18468
953	0.18553
954	0.18534
955	0.18515
956	0.18600
957	0.18580
958	0.18561
959	0.18542
960	0.18522
961	0.18503
962	0.18484
963	0.18465
964	0.18446
965	0.18427
966	0.18407
967	0.18388
968	0.18369
969	0.18454
970	0.18538
971	0.18519
972	0.18602
973	0.18686
974	0.18769
975	0.18852
976	0.18833
977	0.18814
978	0.18795
979	0.18776
980	0.18756
981	0.18737
982	0.18718
983	0.18699
984	0.18680
985	0.18661
986	0.18642
987	0.18623
988	0.18605
989	0.18586
990	0.18567
991	0.18548
992	0.18530
993	0.18511
994	0.18492
995	0.18474
996	0.18455
997	0.18437
998	0.18418
999	0.18400
