#	X	Y
0	0.00000
1	0.00000
2	0.33333
3	0.25000
4	0.40000
5	0.33333
6	0.28571
7	0.37500
8	0.44444
9	0.50000
10	0.45455
11	0.50000
12	0.46154
13	0.42857
14	0.40000
15	0.37500
16	0.35294
17	0.33333
18	0.31579
19	0.30000
20	0.28571
21	0.27273
22	0.26087
23	0.25000
24	0.28000
25	0.26923
26	0.25926
27	0.25000
28	0.24138
29	0.23333
30	0.25806
31	0.25000
32	0.24242
33	0.26471
34	0.25714
35	0.25000
36	0.24324
37	0.23684
38	0.23077
39	0.22500
40	0.21951
41	0.23810
42	0.23256
43	0.25000
44	0.24444
45	0.23913
46	0.23404
47	0.25000
48	0.24490
49	0.24000
50	0.23529
51	0.23077
52	0.22642
53	0.22222
54	0.21818
55	0.21429
56	0.21053
57	0.22414
58	0.23729
59	0.25000
60	0.26230
61	0.25806
62	0.25397
63	0.25000
64	0.26154
65	0.25758
66	0.25373
67	0.25000
68	0.24638
69	0.25714
70	0.26761
71	0.27778
72	0.28767
73	0.29730
74	0.29333
75	0.28947
76	0.28571
77	0.29487
78	0.30380
79	0.30000
80	0.29630
81	0.30488
82	0.30120
83	0.30952
84	0.30588
85	0.31395
86	0.31034
87	0.30682
88	0.30337
89	0.31111
90	0.31868
91	0.32609
92	0.32258
93	0.31915
94	0.32632
95	0.32292
96	0.31959
97	0.31633
98	0.31313
99	0.31000
100	0.30693
101	0.30392
102	0.30097
103	0.29808
104	0.29524
105	0.29245
106	0.28972
107	0.28704
108	0.29358
109	0.29091
110	0.28829
111	0.29464
112	0.29204
113	0.28947
114	0.28696
115	0.28448
116	0.28205
117	0.27966
118	0.27731
119	0.28333
120	0.28099
121	0.27869
122	0.27642
123	0.27419
124	0.27200
125	0.26984
126	0.26772
127	0.26562
128	0.26357
129	0.26923
130	0.26718
131	0.27273
132	0.27068
133	0.26866
134	0.27407
135	0.27206
136	0.27007
137	0.27536
138	0.28058
139	0.27857
140	0.27660
141	0.27465
142	0.27273
143	0.27083
144	0.26897
145	0.26712
146	0.27211
147	0.27027
148	0.26846
149	0.26667
150	0.27152
151	0.26974
152	0.26797
153	0.26623
154	0.26452
155	0.26282
156	0.26115
157	0.25949
158	0.25786
159	0.25625
160	0.25466
161	0.25309
162	0.25153
163	0.25000
164	0.24848
165	0.24699
166	0.24551
167	0.24405
168	0.24852
169	0.24706
170	0.24561
171	0.24419
172	0.24277
173	0.24713
174	0.25143
175	0.25568
176	0.25989
177	0.26404
178	0.26816
179	0.26667
180	0.26519
181	0.26374
182	0.26776
183	0.27174
184	0.27568
185	0.27419
186	0.27273
187	0.27660
188	0.28042
189	0.27895
190	0.28272
191	0.28125
192	0.28497
193	0.28866
194	0.28718
195	0.28571
196	0.28934
197	0.28788
198	0.29146
199	0.29000
200	0.28856
201	0.29208
202	0.29064
203	0.28922
204	0.28780
205	0.28641
206	0.28986
207	0.29327
208	0.29187
209	0.29048
210	0.28910
211	0.28774
212	0.28638
213	0.28505
214	0.28372
215	0.28704
216	0.29032
217	0.28899
218	0.28767
219	0.28636
220	0.28959
221	0.28829
222	0.29148
223	0.29018
224	0.29333
225	0.29204
226	0.29515
227	0.29386
228	0.29258
229	0.29130
230	0.29004
231	0.28879
232	0.29185
233	0.29060
234	0.28936
235	0.28814
236	0.28692
237	0.28571
238	0.28870
239	0.28750
240	0.29046
241	0.29339
242	0.29630
243	0.29918
244	0.29796
245	0.29675
246	0.29960
247	0.30242
248	0.30120
249	0.30000
250	0.30279
251	0.30159
252	0.30040
253	0.29921
254	0.29804
255	0.29688
256	0.29572
257	0.29457
258	0.29344
259	0.29231
260	0.29119
261	0.29389
262	0.29278
263	0.29545
264	0.29434
265	0.29699
266	0.29963
267	0.30224
268	0.30112
269	0.30370
270	0.30627
271	0.30515
272	0.30769
273	0.30657
274	0.30545
275	0.30435
276	0.30325
277	0.30576
278	0.30824
279	0.30714
280	0.30961
281	0.30851
282	0.30742
283	0.30634
284	0.30526
285	0.30420
286	0.30662
287	0.30556
288	0.30450
289	0.30690
290	0.30584
291	0.30479
292	0.30717
293	0.30952
294	0.31186
295	0.31081
296	0.30976
297	0.30872
298	0.31104
299	0.31333
300	0.31561
301	0.31457
302	0.31683
303	0.31579
304	0.31475
305	0.31373
306	0.31270
307	0.31169
308	0.31392
309	0.31290
310	0.31190
311	0.31090
312	0.30990
313	0.30892
314	0.30794
315	0.30696
316	0.30599
317	0.30503
318	0.30408
319	0.30625
320	0.30841
321	0.30745
322	0.30650
323	0.30556
324	0.30769
325	0.30675
326	0.30581
327	0.30488
328	0.30395
329	0.30303
330	0.30211
331	0.30120
332	0.30030
333	0.30240
334	0.30448
335	0.30357
336	0.30564
337	0.30473
338	0.30383
339	0.30294
340	0.30205
341	0.30117
342	0.30029
343	0.29942
344	0.30145
345	0.30347
346	0.30548
347	0.30460
348	0.30372
349	0.30286
350	0.30484
351	0.30682
352	0.30595
353	0.30508
354	0.30423
355	0.30337
356	0.30252
357	0.30168
358	0.30362
359	0.30278
360	0.30194
361	0.30110
362	0.30028
363	0.29945
364	0.29863
365	0.29781
366	0.29700
367	0.29620
368	0.29539
369	0.29730
370	0.29919
371	0.29839
372	0.30027
373	0.29947
374	0.30133
375	0.30319
376	0.30504
377	0.30423
378	0.30343
379	0.30263
380	0.30446
381	0.30366
382	0.30287
383	0.30208
384	0.30390
385	0.30570
386	0.30491
387	0.30412
388	0.30591
389	0.30513
390	0.30435
391	0.30357
392	0.30534
393	0.30711
394	0.30633
395	0.30556
396	0.30479
397	0.30653
398	0.30827
399	0.31000
400	0.30923
401	0.31095
402	0.31266
403	0.31436
404	0.31358
405	0.31281
406	0.31204
407	0.31373
408	0.31540
409	0.31707
410	0.31630
411	0.31553
412	0.31477
413	0.31401
414	0.31325
415	0.31490
416	0.31655
417	0.31579
418	0.31504
419	0.31429
420	0.31354
421	0.31517
422	0.31678
423	0.31604
424	0.31529
425	0.31455
426	0.31382
427	0.31308
428	0.31235
429	0.31163
430	0.31323
431	0.31250
432	0.31178
433	0.31106
434	0.31264
435	0.31193
436	0.31121
437	0.31050
438	0.30979
439	0.30909
440	0.30839
441	0.30995
442	0.31151
443	0.31081
444	0.31011
445	0.30942
446	0.30872
447	0.30804
448	0.30735
449	0.30889
450	0.30820
451	0.30752
452	0.30684
453	0.30617
454	0.30549
455	0.30482
456	0.30416
457	0.30349
458	0.30283
459	0.30217
460	0.30152
461	0.30087
462	0.30022
463	0.29957
464	0.29892
465	0.30043
466	0.29979
467	0.30128
468	0.30064
469	0.30213
470	0.30149
471	0.30085
472	0.30021
473	0.30169
474	0.30105
475	0.30042
476	0.29979
477	0.29916
478	0.30063
479	0.30208
480	0.30353
481	0.30290
482	0.30435
483	0.30579
484	0.30722
485	0.30658
486	0.30801
487	0.30738
488	0.30879
489	0.30816
490	0.30754
491	0.30894
492	0.31034
493	0.31174
494	0.31111
495	0.31048
496	0.30986
497	0.30924
498	0.30862
499	0.31000
500	0.30938
501	0.30876
502	0.30815
503	0.30754
504	0.30891
505	0.31028
506	0.30966
507	0.30906
508	0.30845
509	0.30784
510	0.30724
511	0.30859
512	0.30799
513	0.30739
514	0.30680
515	0.30620
516	0.30561
517	0.30695
518	0.30829
519	0.30769
520	0.30902
521	0.31034
522	0.31166
523	0.31298
524	0.31238
525	0.31179
526	0.31120
527	0.31061
528	0.31191
529	0.31132
530	0.31262
531	0.31203
532	0.31332
533	0.31461
534	0.31589
535	0.31716
536	0.31657
537	0.31784
538	0.31725
539	0.31667
540	0.31793
541	0.31734
542	0.31676
543	0.31801
544	0.31927
545	0.32051
546	0.32176
547	0.32117
548	0.32058
549	0.32000
550	0.31942
551	0.31884
552	0.31826
553	0.31769
554	0.31712
555	0.31655
556	0.31598
557	0.31541
558	0.31485
559	0.31429
560	0.31373
561	0.31317
562	0.31261
563	0.31206
564	0.31150
565	0.31272
566	0.31393
567	0.31338
568	0.31283
569	0.31228
570	0.31349
571	0.31469
572	0.31414
573	0.31359
574	0.31304
575	0.31424
576	0.31369
577	0.31315
578	0.31261
579	0.31207
580	0.31153
581	0.31100
582	0.31218
583	0.31164
584	0.31111
585	0.31058
586	0.31175
587	0.31122
588	0.31070
589	0.31017
590	0.31134
591	0.31081
592	0.31197
593	0.31145
594	0.31261
595	0.31208
596	0.31156
597	0.31104
598	0.31052
599	0.31000
600	0.30948
601	0.30897
602	0.30846
603	0.30960
604	0.31074
605	0.31188
606	0.31137
607	0.31250
608	0.31199
609	0.31311
610	0.31260
611	0.31209
612	0.31158
613	0.31270
614	0.31382
615	0.31331
616	0.31442
617	0.31553
618	0.31502
619	0.31452
620	0.31401
621	0.31511
622	0.31461
623	0.31410
624	0.31520
625	0.31629
626	0.31579
627	0.31529
628	0.31638
629	0.31587
630	0.31537
631	0.31487
632	0.31438
633	0.31388
634	0.31339
635	0.31447
636	0.31397
637	0.31348
638	0.31299
639	0.31406
640	0.31513
641	0.31620
642	0.31726
643	0.31677
644	0.31628
645	0.31734
646	0.31839
647	0.31790
648	0.31741
649	0.31846
650	0.31797
651	0.31748
652	0.31700
653	0.31651
654	0.31603
655	0.31707
656	0.31811
657	0.31915
658	0.31866
659	0.31818
660	0.31770
661	0.31873
662	0.31825
663	0.31777
664	0.31880
665	0.31832
666	0.31934
667	0.31886
668	0.31839
669	0.31940
670	0.32042
671	0.31994
672	0.31947
673	0.31899
674	0.31852
675	0.31805
676	0.31758
677	0.31711
678	0.31664
679	0.31618
680	0.31571
681	0.31672
682	0.31625
683	0.31725
684	0.31679
685	0.31633
686	0.31587
687	0.31541
688	0.31495
689	0.31449
690	0.31404
691	0.31358
692	0.31313
693	0.31268
694	0.31223
695	0.31322
696	0.31277
697	0.31232
698	0.31187
699	0.31286
700	0.31384
701	0.31339
702	0.31437
703	0.31392
704	0.31489
705	0.31586
706	0.31683
707	0.31638
708	0.31735
709	0.31831
710	0.31786
711	0.31742
712	0.31697
713	0.31653
714	0.31608
715	0.31564
716	0.31520
717	0.31476
718	0.31433
719	0.31389
720	0.31484
721	0.31440
722	0.31397
723	0.31354
724	0.31310
725	0.31267
726	0.31362
727	0.31456
728	0.31550
729	0.31507
730	0.31464
731	0.31421
732	0.31378
733	0.31335
734	0.31293
735	0.31250
736	0.31208
737	0.31165
738	0.31123
739	0.31216
740	0.31174
741	0.31132
742	0.31090
743	0.31183
744	0.31275
745	0.31233
746	0.31325
747	0.31417
748	0.31509
749	0.31467
750	0.31558
751	0.31649
752	0.31607
753	0.31565
754	0.31523
755	0.31481
756	0.31440
757	0.31398
758	0.31357
759	0.31316
760	0.31275
761	0.31365
762	0.31324
763	0.31283
764	0.31242
765	0.31201
766	0.31160
767	0.31120
768	0.31079
769	0.31169
770	0.31128
771	0.31218
772	0.31307
773	0.31266
774	0.31355
775	0.31314
776	0.31403
777	0.31362
778	0.31451
779	0.31538
780	0.31626
781	0.31714
782	0.31673
783	0.31760
784	0.31847
785	0.31807
786	0.31766
787	0.31853
788	0.31812
789	0.31772
790	0.31732
791	0.31692
792	0.31652
793	0.31738
794	0.31698
795	0.31658
796	0.31619
797	0.31579
798	0.31539
799	0.31500
800	0.31461
801	0.31421
802	0.31382
803	0.31468
804	0.31429
805	0.31390
806	0.31475
807	0.31559
808	0.31520
809	0.31605
810	0.31566
811	0.31527
812	0.31488
813	0.31572
814	0.31534
815	0.31495
816	0.31457
817	0.31418
818	0.31380
819	0.31341
820	0.31303
821	0.31265
822	0.31349
823	0.31311
824	0.31273
825	0.31235
826	0.31318
827	0.31280
828	0.31363
829	0.31325
830	0.31408
831	0.31370
832	0.31333
833	0.31295
834	0.31257
835	0.31220
836	0.31183
837	0.31146
838	0.31228
839	0.31190
840	0.31272
841	0.31354
842	0.31317
843	0.31280
844	0.31361
845	0.31324
846	0.31287
847	0.31250
848	0.31213
849	0.31176
850	0.31140
851	0.31103
852	0.31067
853	0.31148
854	0.31228
855	0.31308
856	0.31272
857	0.31235
858	0.31199
859	0.31163
860	0.31127
861	0.31090
862	0.31054
863	0.31134
864	0.31214
865	0.31178
866	0.31142
867	0.31106
868	0.31185
869	0.31149
870	0.31114
871	0.31078
872	0.31042
873	0.31121
874	0.31086
875	0.31050
876	0.31015
877	0.30979
878	0.30944
879	0.30909
880	0.30988
881	0.30952
882	0.30917
883	0.30882
884	0.30960
885	0.31038
886	0.31116
887	0.31081
888	0.31046
889	0.31124
890	0.31089
891	0.31054
892	0.31131
893	0.31096
894	0.31173
895	0.31250
896	0.31215
897	0.31180
898	0.31146
899	0.31111
900	0.31077
901	0.31042
902	0.31008
903	0.30973
904	0.30939
905	0.30905
906	0.30871
907	0.30837
908	0.30913
909	0.30879
910	0.30845
911	0.30921
912	0.30997
913	0.30963
914	0.31038
915	0.31004
916	0.30971
917	0.30937
918	0.30903
919	0.30870
920	0.30836
921	0.30803
922	0.30769
923	0.30736
924	0.30703
925	0.30670
926	0.30636
927	0.30603
928	0.30571
929	0.30538
930	0.30612
931	0.30579
932	0.30654
933	0.30728
934	0.30695
935	0.30769
936	0.30736
937	0.30810
938	0.30777
939	0.30745
940	0.30712
941	0.30679
942	0.30647
943	0.30614
944	0.30582
945	0.30655
946	0.30729
947	0.30802
948	0.30875
949	0.30842
950	0.30810
951	0.30777
952	0.30745
953	0.30713
954	0.30785
955	0.30753
956	0.30721
957	0.30793
958	0.30865
959	0.30833
960	0.30801
961	0.30769
962	0.30737
963	0.30809
964	0.30777
965	0.30745
966	0.30817
967	0.30785
968	0.30857
969	0.30825
970	0.30793
971	0.30864
972	0.30832
973	0.30801
974	0.30769
975	0.30738
976	0.30809
977	0.30777
978	0.30746
979	0.30714
980	0.30683
981	0.30652
982	0.30621
983	0.30589
984	0.30558
985	0.30629
986	0.30598
987	0.30567
988	0.30536
989	0.30606
990	0.30575
991	0.30645
992	0.30614
993	0.30584
994	0.30553
995	0.30522
996	0.30592
997	0.30561
998	0.30531
999	0.30500
