1 43.91190761394398
2 93.53692053179246
3 40.56242093069885
4 50.11097544049869
5 95.10351756783027
6 54.78689331952228
7 80.07036271088049
8 52.00186532257613
9 60.95703945485964
10 35.96788476840228
11 70.13093083802325
12 53.009300967076484
13 38.094185245801434
14 54.741199230758276
15 43.65495368690223
16 53.96117838773125
17 59.15397885471592
18 70.46198217985302
19 76.39918439223082
20 110.985626408921
21 63.29986615334715
22 61.82086466204434
23 53.41773060012931
24 129.7808048907328
25 85.664530004984
26 39.693210459946734
27 49.72299690182707
28 67.4709408058451
29 43.46353519490422
30 42.65809221784631
31 76.58295476687259
32 42.79531082487802
33 116.3117712243439
34 42.28969329654164
35 57.228047267588664
36 61.89432585093527
37 64.48015188614501
38 63.20974058478643
39 55.51546931993229
40 58.18270423735516
41 69.24115981848385
42 60.843766178659656
43 53.12274734531246
44 50.863070103141865
45 45.20473324014028
46 75.69626164338831
47 87.43793381271259
48 93.82766978195727
49 78.27696911319084
50 59.8002685432968
