1 100.04611340091333
2 88.63162617383301
3 101.80007415383155
4 72.2413614773494
5 88.85168566552666
6 78.86865022327171
7 136.49686973441385
8 93.63547593200119
9 124.66471861002397
10 79.73758041542331
11 87.54169560781143
12 90.70587836514106
13 141.29953583992005
14 96.88622037880113
15 102.21228492469153
16 118.8090216732718
17 154.4585108675968
18 93.30224873295917
19 96.20171103226056
20 156.2757362105756
21 114.17020955412049
22 109.52285715619398
23 73.70550736417528
24 142.5766291558183
25 118.94278728368344
26 163.514534613981
27 74.2466654851045
28 117.57110758695951
29 87.06840922485675
30 116.05386695398448
31 109.09382050711197
32 91.88390481674142
33 71.53033011080169
34 130.14528282794245
35 82.68931484706587
36 84.73540564647206
37 69.37650057671542
38 124.20277330033893
39 147.1250573281775
40 76.40112872281152
41 83.45908264152082
42 114.0213455224142
43 141.95487411797018
44 83.57312096193853
45 107.02055168319532
46 152.98366566647482
47 186.85145370383117
48 103.12267825957068
49 85.78040149101787
50 112.32354476077941
