1 56.37415033133645
2 66.28130634563465
3 54.62559917051367
4 83.809311525104
5 66.68650701657558
6 78.61431656849454
7 30.725276365239672
8 86.46251647971741
9 61.911118118821086
10 53.56527312220773
11 42.153143131761276
12 75.33694715068643
13 58.60158454179779
14 65.93302428332271
15 78.96025435033567
16 86.28935167082835
17 47.25876048378425
18 106.18312417873221
19 110.34036069508295
20 53.39931236410253
21 137.157677643239
22 48.561017504833146
23 77.61420003552666
24 95.9767323818602
25 61.845393459567106
26 76.34617771809049
27 35.56231347936587
28 65.93341246209373
29 49.117265331891566
30 60.967978621149605
31 66.31421801213764
32 98.18724255053704
33 70.35116611294771
34 70.55202548858517
35 36.717179253109535
36 64.26020552271879
37 59.45702331798324
38 91.58545844274278
39 49.80738016372949
40 46.67384611875719
41 66.43134163254703
42 55.969352350563916
43 59.0268833738124
44 50.17492950781747
45 67.842217087131
46 74.2814111631771
47 51.079934936973636
48 50.74785339802919
49 75.2346353951495
50 56.51784015695839
