1 73.05720865787488
2 74.28671494233116
3 65.85404644311076
4 55.660897931287224
5 62.299476795715485
6 48.40209241777566
7 86.52717311937113
8 41.95842654608039
9 108.99938795169493
10 38.98773283610699
11 66.47010836839283
12 34.17133116708188
13 60.946694943837905
14 47.66829286597356
15 54.78769955700083
16 50.6899893613458
17 34.54525194457941
18 53.98616510820062
19 61.557068325665846
20 57.516388442006104
21 79.33625237735976
22 43.23006572928426
23 95.26181422689187
24 80.57634814778649
25 53.07464520329892
26 56.137845824488174
27 72.08863646647828
28 83.32143026745938
29 62.62297655367504
30 58.96526291553477
31 105.13099428677013
32 57.28421025682222
33 74.76475799683634
34 56.8706829136257
35 50.972958081029546
36 70.27821501475843
37 63.66488822787499
38 51.31797609974626
39 56.72498140731308
40 35.03477281758082
41 98.97753878107115
42 68.26709405051301
43 21.84078931731353
44 61.81705502576016
45 41.502260117278176
46 77.95559661017182
47 51.0803771160313
48 87.17136257187316
49 60.57349167115882
50 40.39930108622992
