1 9.55499143327291
2 21.915150534669756
3 2.9671812377192865
4 6.623694002547055
5 2.2259692545887146
6 1.010156439534938
7 1.726217380702882
8 2.8842523704759104
9 10.293531691022773
10 5.331074873064321
11 0.8269529866046096
12 10.768364656386817
13 1.4578349759282514
14 2.9826292928458455
15 10.405958913605978
16 2.729113694840613
17 4.6868254696562826
18 1.7471041213317937
19 2.800561436605442
20 3.462985168020993
21 8.61982961200535
22 2.1668355432985886
23 1.2956643078589472
24 2.1034916128848424
25 2.570967324492395
26 6.320814363848872
27 3.9505176767630954
28 2.153337353436538
29 1.0015547248319154
30 1.359346802478401
31 11.846224027487475
32 0.9384027018799906
33 6.672352313550671
34 9.355509385874122
35 2.0153746635397214
36 2.197987005416267
37 5.201510394112216
38 13.666240288202642
39 9.50763069333473
40 2.2865124698475343
41 4.305043110091075
42 9.104406591560888
43 2.544974318506288
44 3.161088317823433
45 1.8108074154349985
46 13.93132768923075
47 8.319788371793138
48 2.0564906185997116
49 2.9791290492842335
50 15.062851167978689
51 4.0074345749050515
52 7.863716678350102
53 5.1652575371581
54 2.555053739211993
55 3.61574478311543
56 0.9388746082387135
57 3.1936608641751802
58 1.3799308130221757
59 3.799586886871815
60 7.249679560254677
61 0.9378703806600867
62 3.7612168542633477
63 3.2632413697931417
64 6.451537047188833
65 14.502873765812346
66 4.065260633932009
67 3.524330122664179
68 2.9152706726673734
69 5.262700788038173
70 1.304587853247535
71 7.572260212095936
72 8.743256017027301
73 1.0989287192231532
74 19.232314881449412
75 10.859490963723037
76 5.090306016989788
77 3.6623592805440346
78 1.6335010510948198
79 6.537648718764597
80 10.238197217904132
81 7.447271925988564
82 3.582189831366085
83 15.739356844366585
84 5.046346671116476
85 13.191219329639807
86 4.567003525103459
87 1.5588044845133668
88 5.465871035568883
89 2.75130667921334
90 0.7979341973257194
91 3.15910078807083
92 25.987113377179465
93 13.128439280870202
94 4.009984548730818
95 2.4584982556497725
96 1.1325369198181219
97 3.752425232124188
98 2.2422861747299594
99 1.5342613286279445
100 18.40635916608856
101 1.9528242111466163
102 2.9310912460106997
103 5.976132457259089
104 20.453049903110625
105 2.8392763134769536
106 8.472870664096838
107 7.109280820564334
108 4.249524026722588
109 3.3556101719117497
110 0.5542584683738656
111 4.345230636780562
112 1.8096018272465317
113 8.532734328224782
114 4.618713634188512
115 3.576842035190637
116 13.492408817538188
117 2.2216626287372145
118 6.002661419263519
119 3.080744701559713
120 3.2143394025853933
121 9.07717775551442
122 2.5584772806084777
123 1.6632053384176833
124 7.635280751109108
125 4.876244404829675
126 7.62092837177931
127 15.900303917038416
128 2.636597934001263
129 1.0107633779693128
130 6.162239317025116
131 7.088238227785716
132 5.085072015398561
133 2.456771184134575
134 9.648134005617985
135 2.1485226264452106
136 1.6122600903674023
137 11.552536255845585
138 2.5035235955333452
139 5.125578670517756
140 2.9454052361212524
141 2.1030979452595107
142 7.520774850842141
143 2.637542600896921
144 5.436695586616499
145 1.3533501399775285
146 2.845514188342742
147 1.868790759170154
148 2.336652511484269
149 7.457707626892097
150 4.585439063502412
151 4.696983404893145
152 10.510791443235817
153 2.5208369175851564
154 1.0203288710609286
155 1.1395313870463564
156 14.745806539327505
157 1.4658110959739052
158 17.508193273808608
159 4.521614601730201
160 2.6765168677138185
161 1.8293111596432938
162 2.022489447855386
163 4.402015474834999
164 5.449108036776964
165 2.2909727838798015
166 3.994990385131293
167 6.302776016606066
168 3.580024512629422
169 4.39672486995272
170 3.1703178691218517
171 2.055446983517363
172 3.518900812838868
173 10.526583776588343
174 3.1457264509338425
175 3.281038985317517
176 2.7339397194430823
177 7.905685595263523
178 5.402271544044646
179 1.2595437668809817
180 14.820093151926306
181 3.075459559322342
182 0.5736505931481697
183 1.9943469734058827
184 4.048577146347406
185 5.4290617699135915
186 12.300026223241675
187 8.662065861524962
188 10.240385390755678
189 8.67836222240392
190 4.963837101376109
191 5.378807190745185
192 1.4637563216705824
193 4.798081861052503
194 4.429681532130981
195 10.763794620802555
196 4.512630557924243
197 0.5772379384628625
198 3.190953470236703
199 4.452891911058764
200 4.918011527735543
201 1.9899371445527045
202 2.9299214252084873
203 3.2443541279429815
204 6.287427898176702
205 7.599403251176981
206 1.4036282569921315
207 3.7777539481893943
208 1.0230567749967243
209 3.200098025608587
210 3.88979146495146
211 1.3612724085961463
212 4.145709663534715
213 3.4437717129693715
214 6.149403697898429
215 2.0497972978882375
216 4.298161221130691
217 1.229396700501943
218 0.5326806180788503
219 1.976093814174593
220 4.772589471729708
221 6.801308163901278
222 4.3229562961186305
223 2.731196077986043
224 5.737552076682304
225 0.9527070129029384
226 1.7868303145889686
227 2.5834300857127057
228 10.54647578565878
229 3.632196348315115
230 1.8343015637685802
231 5.690851598082966
232 12.039766848130755
233 5.506412441245662
234 6.999382302724138
235 9.6121900964651
236 2.200302321726403
237 3.3878733486507357
238 7.967944830106966
239 3.139688008324052
240 16.33501063906811
241 3.083727010878028
242 18.212702859343246
243 10.331348179831783
244 3.706132508194476
245 12.215958181479781
246 7.853026706225888
247 1.4204843525584914
248 14.921298245921983
249 1.7904600194248863
250 3.2123038783586946
251 1.5867205216829103
252 3.753532399001682
253 5.3526082460857545
254 0.6199511640692685
255 4.28736544378499
256 3.339820086549024
257 4.519940914782294
258 9.529312274609937
259 2.7953772491727835
260 0.7936833570440769
261 11.908764260658689
262 1.5408442135314318
263 1.1235268317620077
264 11.068217713542152
265 2.6222870063864128
266 1.1886012856291774
267 7.057178574328204
268 1.6421044478837117
269 2.054961190205147
270 9.229081957083991
271 2.8969442976077557
272 7.452974975558986
273 1.9803412080737715
274 5.403884465560316
275 12.57869231363954
276 2.6112144161906405
277 16.694616275075724
278 16.665309444485647
279 2.228426968441324
280 2.881262323725176
281 18.348057476267837
282 2.8741704065915448
283 4.869040665807772
284 13.507438466540052
285 7.165255441941578
286 0.8352122791197445
287 13.434888454010567
288 0.2712883635630616
289 7.363931075154173
290 1.809656999822863
291 3.440757539705276
292 2.1326530726333996
293 5.703072184170674
294 3.9035091815910685
295 1.8313860827778
296 7.737423346734562
297 3.04098966844142
298 10.809300864641072
299 4.038217816443477
300 2.0648420921186674
301 10.004760672999804
302 3.145043161627429
303 1.3735003033333488
304 2.5061566896696026
305 0.4464363111916756
306 2.181022681677511
307 17.662949429118328
308 2.8745928390122786
309 1.2662872745694687
310 2.7716286213583974
311 2.5099283912766523
312 5.313527859397673
313 21.723039461590048
314 2.002737116634615
315 12.281319314218972
316 5.676721210638664
317 2.6849852490248893
318 1.3467490877496235
319 4.754416444968022
320 21.455094170850863
321 3.954958026718496
322 1.2667988135723516
323 3.172616207156493
324 4.526569541571969
325 2.5540168305997777
326 19.453932792592294
327 10.108983771924967
328 3.1177470239445295
329 3.3623253404237303
330 9.663024203404815
331 1.6135601268324848
332 4.610746992001153
333 2.354638313066637
334 4.793792120002559
335 4.062913976356477
336 6.551376060096452
337 0.6335837531552728
338 2.8712887782820964
339 3.8752605981046133
340 1.3126053481628075
341 4.611616514207603
342 5.626073523684484
343 2.842076164278623
344 6.375263935178027
345 3.475411441180251
346 3.20682212772697
347 6.451995802232677
348 6.006845650715057
349 8.655194984426846
350 3.119646618547997
351 1.1461160749416017
352 11.563293243423281
353 2.493788815222579
354 10.706410937858232
355 4.214418141883068
356 14.174981403231207
357 2.487412352156972
358 7.307256056058169
359 1.3726414497661557
360 2.46934825577577
361 4.817441474545302
362 2.769157993488896
363 5.330464888698408
364 4.934293313049454
365 2.2679656994164707
366 2.258845019265656
367 3.2963331296185148
368 1.5013610381232656
369 3.2135073776622445
370 0.8252592018660049
371 2.392998026855562
372 2.1599318066327102
373 0.7863586136295468
374 8.342853143913123
375 3.7925985783115035
376 17.54510219545318
377 1.7529659469952261
378 0.8413119035450519
379 3.903619224727003
380 6.729550534886498
381 2.655122986252231
382 4.163816474019687
383 14.296784216765014
384 4.693502114068352
385 5.13369024805209
386 2.071380363921015
387 11.451907906122937
388 4.222969374526734
389 4.142219779127662
390 11.074499928933733
391 18.793548466773952
392 3.6247144921789243
393 5.462892683153234
394 7.281604358217771
395 2.0927226378219235
396 0.5866295764595967
397 1.7244655750038427
398 8.334102077993869
399 1.913165002593941
400 0.5696996335689071
401 2.7888635500155075
402 10.04860393542984
403 3.916541022819727
404 1.7317518979630944
405 4.0510197613966135
406 6.069129939428728
407 6.880946879777117
408 2.506696429623311
409 3.444672560362842
410 0.9856893417251656
411 1.178361302866171
412 1.4909556969093485
413 6.583019425338911
414 6.886290065299577
415 4.1302396107935
416 2.4340579626464502
417 5.864568562048673
418 2.239573089360745
419 4.2112961735170185
420 7.69746457518892
421 3.956813071998829
422 1.8291018771404672
423 2.659757484764422
424 27.778967396364834
425 3.3113517103014787
426 4.756892719833905
427 5.494191560785604
428 7.827641701270549
429 3.7340755581551495
430 7.561354082321264
431 15.84249698859516
432 10.016105251920786
433 7.897180208404284
434 1.6897593050531503
435 4.307435737221983
436 2.559334077192906
437 0.6811842792177532
438 2.2258875313337043
439 5.901592648443961
440 4.289511463859521
441 6.660008684507456
442 6.68433026617899
443 1.4502826888686708
444 1.8003400508120881
445 1.6960712405710787
446 2.754597478701745
447 3.1944061069616336
448 1.6828517698694458
449 3.655431914371848
450 1.6799065836118554
451 4.288152044579903
452 3.888794244539085
453 3.760472965294083
454 2.2240423937607177
455 1.9348505658883994
456 2.2417336091857103
457 4.283536876373181
458 10.612750228407265
459 1.9633040555380907
460 1.4855675733585687
461 2.486964987156171
462 3.605448984200848
463 11.079435910028375
464 13.564012615077988
465 1.4296657780911128
466 2.4773280820155263
467 7.520504780926498
468 2.407010965545955
469 2.0953910920637955
470 8.375967790619198
471 4.662747617727761
472 3.668385558547749
473 3.6089880462491584
474 5.0098799014071425
475 2.5714829525856278
476 4.211653536936781
477 2.5716597904952088
478 30.691311834670977
479 6.876457675074999
480 4.796070286877302
481 12.284460350520538
482 3.8901332989779482
483 3.9264506557539707
484 3.871073110840561
485 3.4954205386734847
486 10.48732393689304
487 2.244615925734423
488 6.880654347800236
489 6.273052671576399
490 4.82702456093278
491 16.241684227815462
492 5.592540337882302
493 5.526080397855978
494 1.9637888945819812
495 1.953438159397339
496 2.4356703334274643
497 1.8542781441351832
498 1.8930478123764805
499 8.672267084919287
500 3.660509389518939
501 4.403021937551514
502 3.439571833329046
503 1.240667469193279
504 2.5676578035686006
505 3.258701914058789
506 13.501851306754242
507 4.676338425850038
508 8.080189705856027
509 2.4294356667337436
510 11.218143419953241
511 2.8251486814113034
512 3.506730728239353
513 4.443534061866299
514 1.6660890615215487
515 1.9406423182417942
516 0.7139055405395135
517 1.3311950251198068
518 1.7914072005888895
519 5.249018534219861
520 1.768982981506656
521 2.8838253819046815
522 7.383218811427155
523 3.3883939596555304
524 0.4009879139713125
525 7.99567099167266
526 2.227940641329412
527 5.476414015549981
528 2.6022829869956934
529 7.806355019249218
530 5.1059053340367155
531 1.3652846212774854
532 9.590641486907558
533 4.906928570708457
534 1.5971124175117708
535 1.5418853514304582
536 7.292767790815146
537 13.107714304906729
538 10.979780180874533
539 10.277946418531265
540 19.953030169547176
541 2.702010977953043
542 2.6217415521060876
543 7.043785976858537
544 4.973345699633301
545 4.291575972604058
546 8.787239375156139
547 5.929061098239375
548 4.148758568503274
549 1.889334217477293
550 4.175006132343301
551 4.759841032430119
552 1.8056069671067922
553 2.9661271090551553
554 13.208723876772163
555 1.943455249259055
556 4.17164566367466
557 3.0766289956141057
558 14.233326974867003
559 1.759819119627555
560 16.48171823291791
561 16.40514280888171
562 4.375086736793123
563 8.758924269704186
564 3.146656084303167
565 3.4325458865298724
566 11.744013037929983
567 4.714320238450763
568 2.6933097280630607
569 4.086185967727982
570 1.1766289611417897
571 3.545439584146191
572 8.823398951330697
573 6.840024552319106
574 6.8301943653898425
575 1.2288279492809906
576 1.8924991233116852
577 1.4174653385671265
578 17.651616447619006
579 9.729045726769174
580 7.332323281459736
581 2.8756771844399696
582 2.3366491286790634
583 5.9309978123608715
584 15.930727691735088
585 4.474827223521118
586 1.683534256336002
587 1.5194824320744251
588 10.926445601856253
589 1.5879024210371733
590 18.137925749189787
591 4.098367743638108
592 9.022802575454246
593 8.23362830578991
594 1.9366233172178904
595 4.494884575062783
596 1.0128114381734843
597 3.8324718738197223
598 1.1972950248670848
599 1.3629189218726567
600 1.0784664221912315
601 2.431051965377626
602 2.1746869353356537
603 9.293367052680441
604 3.629505275307107
605 0.5809230734096389
606 3.154376967370726
607 2.8224970575314234
608 7.3049336408002805
609 11.490056495782358
610 3.1990579343130956
611 2.0584707925533228
612 2.8838267728538693
613 0.9451745448474257
614 15.278607009016573
615 3.1594749304822245
616 2.531378558747485
617 6.491044367959378
618 4.740002465708632
619 3.5278380943013614
620 6.335250330470138
621 11.642755501758485
622 1.1775911359232094
623 0.6578147336509793
624 7.365431674159711
625 2.7419201055281146
626 4.86205995414271
627 2.4208190216507677
628 6.2941272571094
629 1.5289205069872438
630 4.043740015690474
631 9.429288794618461
632 6.645509361321876
633 2.3235279753686733
634 1.7036094646271291
635 5.596608128336195
636 5.228377551193142
637 2.0144956140769863
638 4.536751175549943
639 0.9145259745472559
640 1.1614209642528592
641 2.260404368631781
642 2.3120949209679327
643 3.106745129599137
644 3.937545449585419
645 16.448558315534278
646 5.104371891586145
647 8.489121771325667
648 7.326333817529235
649 8.41520065163091
650 4.901307991382575
651 1.0499552397133207
652 10.277940992342312
653 1.9990261219544894
654 2.468097915648511
655 2.031846197996799
656 1.4187155675330712
657 1.361406438581725
658 6.264406600112244
659 3.3625381689840417
660 8.054534175830943
661 11.442304703980051
662 2.014396470785292
663 17.17472698566823
664 2.7009518797644594
665 3.2357563459843313
666 7.031177697443301
667 2.6986162472018713
668 4.971018349979287
669 5.878130574772075
670 12.641959706037223
671 4.392080230680059
672 3.8755422586359916
673 0.602153128193466
674 4.207940510114703
675 4.982578531645817
676 4.528422503631637
677 1.5545928308207835
678 3.1832545780025927
679 4.820901641994638
680 3.8494374705559626
681 5.508982023061543
682 2.7758767096714223
683 6.237845096499069
684 10.70265303762548
685 5.512820697706512
686 3.7333885855880506
687 8.315958314392848
688 1.3861478531706806
689 13.592657216663964
690 4.543809619049603
691 5.651933401652281
692 7.540238155120519
693 2.813420695677648
694 6.68713460539495
695 2.121200027249526
696 1.4081670077686883
697 13.874104091025028
698 5.505437601793016
699 8.105482648411957
700 3.6956126645776615
701 2.3794054317443365
702 5.186056623163339
703 2.0004165451061744
704 0.7866765826532521
705 5.347366791109162
706 7.684928784764732
707 2.400293037330145
708 1.1808629437006477
709 2.984162045266639
710 1.6168353410945941
711 5.443523489922072
712 2.636224609395757
713 1.487898450519754
714 3.5489272005674914
715 2.186985083239168
716 9.721642571266655
717 0.7091586924677435
718 7.312971031136257
719 1.2742579831965406
720 2.8417132321508114
721 0.6930168914410835
722 2.8839805546173474
723 7.170377004086073
724 3.191703986529612
725 3.6526653708496166
726 2.28117224337886
727 5.36091607038312
728 2.9007054286217837
729 3.491103744812821
730 1.5207460737998286
