1 1.5483334983179562
2 0.46122617919144304
3 0.5571512844220301
4 0.2139090809447417
5 5.645866834836708
6 0.16863348038640358
7 4.5837458454028805
8 1.5846117174528749
9 5.092577867595063
10 1.0936416718177997
11 0.6810164558671935
12 0.6595154236748716
13 4.206636839367724
14 2.1729130814956967
15 2.7544121447949834
16 5.022666240562187
17 7.39245348648315
18 0.7359426258466389
19 8.954987065695406
20 1.4815578794729956
21 1.2069557515783105
22 1.79922541990911
23 0.8387875801032669
24 1.1494935784215479
25 3.4432918387371183
26 1.0842468124287463
27 2.5163244746658315
28 0.02087813198238204
29 1.9494284492687668
30 5.993316329516758
31 2.3813645812764443
32 4.183474467909943
33 1.1622723366619419
34 1.310476730251007
35 0.7808931019763504
36 5.941750264349104
37 0.5951097727653794
38 0.717339451037753
39 1.0630174386427829
40 0.34666979304136536
41 1.768570785170224
42 1.057995790442153
43 4.392272314836664
44 0.9948372821531111
45 1.4638359934718226
46 4.963519232231441
47 2.134366734874935
48 1.697392367896506
49 1.154848919354267
50 4.725954942277657
51 1.1062866011054022
52 9.920945870622285
53 1.1316071763966273
54 18.140746411078002
55 1.2146039244092395
56 2.1592130638965656
57 1.1263002135961147
58 1.4945985608378056
59 0.6760543727843579
60 5.039039955014638
61 9.629187262501585
62 1.1090648184274834
63 4.616576227146695
64 5.218601669156136
65 2.7515092636572764
66 7.921389786418654
67 1.2781870990318676
68 1.5673542503926277
69 1.3812534423965028
70 0.909360826456777
71 5.19016509778494
72 3.4535597668600175
73 1.1300383225784472
74 1.109455410904584
75 3.3369322110709647
76 0.43957301321980813
77 1.7228526126386638
78 0.5890632336110706
79 3.015192551855519
80 1.040657954821167
81 1.0224753367750743
82 3.8185398992173765
83 5.617767108682705
84 4.497518437155978
85 0.8594996449507427
86 6.156365524793046
87 0.7361420137018987
88 1.3865556832129937
89 1.9449599083468458
90 2.024979680885052
91 1.8491859613014296
92 2.066169891050141
93 0.31322533889750287
94 6.418807344321633
95 1.5517069138458868
96 3.8471495352147436
97 1.1167473150910383
98 0.5807186320573687
99 1.0288783519465885
100 1.9044191614330301
101 1.3315441990612304
102 2.5416080649586203
103 1.9750533823126595
104 1.9548393087127374
105 0.9735136902420436
106 2.843498364102037
107 0.9265194398869154
108 0.6007849324844912
109 1.1731332720575136
110 8.980559118318448
111 1.494927421515333
112 2.184545189941127
113 1.5786721593852302
114 3.868488466403413
115 4.28996170239003
116 3.652391731029431
117 2.910315466558263
118 1.803725773588205
119 0.36573643056709126
120 4.575482343432669
121 1.583519133342437
122 4.165622156172651
123 2.9575092609020635
124 1.8642764881303981
125 0.37118913220845556
126 2.1193270428605415
127 0.895938006186328
128 17.742737633054528
129 3.6098506149981735
130 0.6935709696378913
131 1.6608098441517707
132 0.8959819411225217
133 2.327735011241533
134 0.563953528083224
135 1.6931380352844487
136 1.243012598499164
137 0.8335795785134343
138 4.536031139607065
139 5.902242113853425
140 0.6857608062725321
141 12.76879165685186
142 1.3118945311795571
143 2.4742813358349687
144 2.3282074722794754
145 2.1307339484249623
146 1.4108982856988477
147 2.5262961851079315
148 1.3171399618811703
149 2.9966832487387536
150 2.6956711015287107
151 2.7049102971845667
152 1.2519552517860402
153 10.45005335661545
154 3.182911640411999
155 1.8741856373096875
156 0.8544386421836189
157 0.9727894657700495
158 2.50350950237031
159 2.4886523906622626
160 12.250229822636149
161 0.9221771316277393
162 2.0553939652191016
163 4.837211936214411
164 1.6214882358041234
165 1.3142250278520675
166 7.141709531742671
167 7.906339911108702
168 1.4563956713932737
169 1.1575582665053346
170 0.22173204504298666
171 0.4528743179644735
172 1.090242118750412
173 1.3272122803118354
174 3.011065210434096
175 1.3293441221425624
176 2.7773555177797133
177 1.2309254484603744
178 2.5348361280889358
179 2.8039625548132157
180 1.17726851156568
181 1.4722831126880183
182 2.0755087443535256
183 1.1591609633831594
184 6.161068968715062
185 2.1144984688231334
186 0.8874873717362933
187 0.38236760116951096
188 20.073169463642696
189 0.803757905682732
190 3.5443477187536865
191 24.442890564826126
192 1.2591674944445894
193 1.4444816945299261
194 1.538275664459935
195 0.729625061789998
196 0.3478623564130494
197 1.683976053395845
198 1.3314027925691407
199 0.09244634420640317
200 3.4634281078339004
201 5.245172150751124
202 1.0100959918209491
203 1.6034462977910628
204 1.8711995490167268
205 6.385584196846619
206 0.8272654135840671
207 4.525874097591061
208 0.7295766174497341
209 3.1214883742137682
210 4.375223315677764
211 0.5357514211556427
212 3.4795398762240093
213 9.89369224293302
214 2.072215750512867
215 3.4155178503907235
216 6.466214268367833
217 1.397712859577336
218 1.8712141711937584
219 3.9992441977086757
220 1.8115322095857862
221 0.27317773383943006
222 1.2321843515247854
223 1.5200753462167067
224 10.940158615930518
225 1.763715184222376
226 1.1197324349939792
227 1.9794624625719666
228 0.8783289547567763
229 0.973120066424837
230 0.7067324334759236
231 3.4670099039295614
232 1.6603163145684423
233 5.424825739713083
234 2.1800092318739863
235 0.38226593218833915
236 1.7588000947199494
237 0.7707311246966031
238 0.48004108369773013
239 2.815831618833374
240 6.045673850945533
241 5.263019825030705
242 0.8710774295159537
243 0.4526251804496731
244 1.391204308794868
245 4.848091927707292
246 6.7549924702861315
247 1.3558496931336983
248 0.21148091368996894
249 4.8949070868619105
250 3.2138432107232497
251 0.8592444354961608
252 1.0758639167570443
253 0.5575442029765031
254 2.4048633626611715
255 1.5942415805739614
256 3.0355841101697556
257 0.29175431576924343
258 4.915373545861402
259 2.231896454283014
260 2.1718813191731976
261 5.137784948390382
262 0.7779485013018502
263 1.1563057735286713
264 2.0024776193629585
265 0.6225851513311931
266 1.2512098210539955
267 0.6329020306123994
268 1.007081962141502
269 1.024148590436244
270 17.801295110485306
271 1.5828410879937491
272 0.7974801666172715
273 1.4367148958399532
274 0.6811382823998429
275 8.068570704979985
276 2.0038207077832997
277 0.7624589782910401
278 0.6026332592064901
279 4.300075599193512
280 7.615166726410742
281 2.809284171824549
282 0.6519575320988767
283 2.1020687045760926
284 2.168151794144384
285 4.173290124524641
286 0.3527885663014911
287 7.167619082221517
288 2.253191550902668
289 1.4772288072607551
290 1.8799345362585909
291 0.39817685577005085
292 2.4968344651424257
293 1.099554679274453
294 2.8254045824214327
295 1.918118623431568
296 0.4910703985861404
297 1.2238856722446165
298 1.161614714961976
299 2.418442190897401
300 2.732664747257537
301 1.1106964059047595
302 2.7600958167173903
303 4.835811279519841
304 1.268047168313088
305 0.6533149328004608
306 0.30541203156053653
307 0.400493519842139
308 0.3850448310929644
309 0.35743291995168697
310 1.802262161260809
311 0.3895002269102042
312 0.7026676699091462
313 1.6481853774272623
314 8.67867820038671
315 1.3572779644739426
316 1.1854925830318186
317 2.682703983575903
318 1.9783460713435683
319 1.3832766569154937
320 2.618734459041695
321 2.0813007492204907
322 0.7949071424256207
323 2.025897217041782
324 8.27197438738757
325 6.09586407344556
326 0.692546782455346
327 1.1269660471382688
328 1.341357138416426
329 1.0196684162701786
330 2.0434435694269966
331 3.2261307956743606
332 4.022971723500762
333 0.3341893117813626
334 29.657481518698887
335 5.76939430892822
336 3.383223442963983
337 8.649684483420915
338 1.7783603295161896
339 2.753372348687487
340 0.506593830417633
341 0.3334444628664749
342 0.5550348013136838
343 1.977594308837777
344 5.867869247650709
345 1.423953498602186
346 0.3147554785304731
347 0.7077808040103745
348 2.111238743021948
349 2.9348657083659546
350 1.3484590884026908
351 4.151494808536473
352 1.9809155657175528
353 0.41928818596022716
354 1.2607046709876852
355 0.8223389558553504
356 5.337366657545861
357 1.1857328350789416
358 0.5814481194356252
359 0.7813916778763556
360 0.828986349207457
361 2.7329693866006872
362 0.942538663803558
363 1.6489315632397066
364 8.06007626840839
365 1.3625012887264993
366 3.5852655922734264
367 2.721680931246932
368 1.7441153343756526
369 2.1598326915872526
370 8.573778443781514
371 2.6472708991304637
372 2.215237406455066
373 1.4833019454890286
374 2.1601538954519905
375 1.309498720585116
376 1.4087247996402636
377 2.857812680354519
378 3.168066280094175
379 2.63828408958553
380 1.7853059817944177
381 1.9162668867132024
382 3.5345843501619214
383 1.6845472992397892
384 1.1698300950594185
385 0.8318903168184205
386 0.7239440843892645
387 0.49730907672779867
388 8.881903259302186
389 2.76578460717379
390 1.7434887709955185
391 2.231888626358673
392 0.17264958886907936
393 0.7335722379976111
394 2.6391062989087435
395 8.128799926978404
396 9.772157011175695
397 1.5526221384810326
398 1.586686821364653
399 1.2940715668876936
400 0.4527017738715946
401 0.6537673194000837
402 0.6526550195216059
403 0.9858499047182671
404 5.386003914795075
405 0.2660415693211372
406 5.206327903397065
407 0.9652042983802797
408 1.2127714274603798
409 19.7393589567272
410 0.4609189683068609
411 0.389254895542143
412 1.7089265508766254
413 0.9421906095213853
414 1.2103405345904656
415 1.594361937549268
416 0.7550783792926438
417 1.8143480187929362
418 1.9816296333759007
419 0.9789635877292222
420 6.4396536309173555
421 1.2549007366470202
422 1.5562296186878524
423 1.2199331948614567
424 0.4269490374818718
425 3.3477648601582892
426 4.250574039330205
427 4.785417622832069
428 4.188926196593886
429 0.5872366280653922
430 1.6335350439340859
431 0.7717506707372622
432 2.32787399008307
433 7.807585679007736
434 2.3066665209182067
435 1.0049221957927352
436 1.350034491335343
437 0.7672047547556198
438 0.08732536202309306
439 4.426654701349708
440 0.34467115385645525
441 1.0539307829503866
442 0.8739881537471358
443 2.1376267124583235
444 2.543874530087642
445 4.308769470708402
446 5.1860270790834235
447 1.1745225933947698
448 1.574747713923308
449 0.8406449828290281
450 3.524513001181459
451 1.724436789325768
452 2.880167232066461
453 2.9791354131497063
454 1.0880664596962932
455 4.939897715103508
456 1.4743292621147475
457 4.957418319404827
458 6.966306916062857
459 1.7205136924318327
460 2.2090125223821175
461 3.631206593408029
462 3.113638130149732
463 6.930028055712702
464 1.3346121714281556
465 1.466183096672243
466 2.7069124691088526
467 4.071135676104224
468 3.425095837394636
469 2.144391651312751
470 6.324871356546518
471 3.819079169499921
472 1.508817465464456
473 3.1737026430717
474 1.1535952347729883
475 0.3915949688657898
476 1.9616703140346239
477 2.74678424501675
478 2.650738637859922
479 3.3009572490656827
480 0.6536487550021192
481 2.9863696926175334
482 4.2394685604997076
483 0.33283692249787367
484 1.82808101603673
485 3.136388951449648
486 38.34478667065361
487 2.5408419984397
488 3.4348426969875647
489 4.506969896188038
490 0.8727923385701217
491 2.0629977157892507
492 4.232179329028977
493 3.270427090234771
494 12.591803454564083
495 0.731982984730113
496 2.913514224195751
497 0.9924614959562256
498 2.016655370481073
499 0.22072873531378753
500 4.290519601151252
501 1.2048695581282776
502 0.2629510568985542
503 1.5044131028003132
504 1.6085330533157938
505 2.1407777061555935
506 3.810246350033651
507 5.602571064830899
508 0.23541985961151213
509 1.0352949165194003
510 2.5376776158577634
511 0.7354895249567794
512 0.6403806772107267
513 2.1048381565727707
514 1.387038616281401
515 1.6691858667742325
516 0.7728271800434813
517 0.3065054663664186
518 0.7946336636055116
519 4.4140653886517125
520 1.447749693618627
521 1.8727549842481548
522 10.561004333077305
523 5.540187477731846
524 6.330970731771214
525 5.020192678107802
526 0.7461257223039587
527 1.4485618383519245
528 0.5187089745068024
529 5.658493455232613
530 0.7826979467272791
531 22.832818243732156
532 0.14585855367013179
533 7.232043552141098
534 0.66254369668913
535 7.293604027126774
536 1.6625950803457066
537 1.2431150785062166
538 0.6007102873794664
539 1.2442648810102088
540 0.9781823159041001
541 3.2023050594442015
542 1.8893297488869063
543 1.2457443274850573
544 2.8326426238376556
545 1.2155748368387689
546 1.1091583130958456
547 4.760258975842423
548 0.8917127324640002
549 10.120206615665232
550 2.0546398814426796
551 1.004730695991923
552 1.7255096250969186
553 0.9517358285792549
554 1.053497889260727
555 15.639736201929916
556 4.658885207213365
557 3.915318874443121
558 0.8039495015769973
559 2.8461172004030595
560 1.0077661451030162
561 1.1672693982968039
562 0.9040836025848638
563 0.6239196065193638
564 2.2277909695071867
565 0.47630449614436177
566 1.090067050386107
567 3.4908829981683653
568 1.48640153101
569 1.4043642258782203
570 0.40765288101717306
571 1.8345418432052176
572 2.9571047164869513
573 0.6488823278584602
574 0.47708862097650756
575 5.984252913794057
576 2.1028819048139913
577 1.7128143146604546
578 0.9743798615847689
579 0.9367008648234187
580 6.132429949979977
581 3.1834981702773657
582 4.471906311856102
583 2.90033788274379
584 2.4778496338551386
585 2.2928242370319722
586 0.3467451713134319
587 7.6100114645005466
588 1.3501302662535928
589 0.6921924122198713
590 1.0969860935629658
591 4.130929183030088
592 1.6867742474646554
593 3.027999730143902
594 2.4161634665017244
595 1.7309477475176842
596 0.9356013917892861
597 4.054713171326902
598 2.0676002155178734
599 0.9113629142145583
600 0.27747099523735025
601 2.169999952199854
602 6.085576672200646
603 1.721738222775314
604 0.9964884731839699
605 2.8010999249087
606 3.2398210671890837
607 3.3416580760944834
608 7.545305512221859
609 0.5633962141756441
610 3.484727659220107
611 0.8865461082355001
612 2.0209380021074193
613 13.543541573817253
614 1.364889665529731
615 1.5237527227262733
616 1.1648273904904471
617 3.1344791171741164
618 1.1491508584842254
619 0.9939195964506999
620 1.0184981345250892
621 1.5252591582956212
622 2.380427972227901
623 2.3466038379312133
624 1.6861028462814887
625 1.7850474209435363
626 0.1666881160296401
627 3.406788171232977
628 3.634372678793834
629 3.533684902009767
630 1.8569828048987536
631 3.2651983652825693
632 3.779974029788777
633 1.0290469911853808
634 0.9134755536745014
635 2.4541548491245493
636 3.1011554804513994
637 1.2326439805469696
638 2.83683531376098
639 4.076325144633727
640 3.482186318758403
641 2.717568091049725
642 3.454134437236216
643 6.740403437743212
644 2.46775193593719
645 2.0146319831412263
646 0.38561056286495676
647 2.8862328783939915
648 0.702307498992996
649 3.947952679613974
650 2.7040214218786383
651 8.843355714138626
652 5.35910106701616
653 5.310166386594806
654 0.7118901181092404
655 4.445396265144344
656 0.9735912213574375
657 0.9314896751436649
658 1.604627578099863
659 3.629326552102637
660 9.654937411252833
661 2.78761728987495
662 3.0333608240240624
663 4.517371929489307
664 0.3619397589160079
665 4.288406268613526
666 0.923826585168546
667 7.206562782533324
668 1.0873987749627458
669 0.8412034999311081
670 6.001267763860037
671 0.8650082866318207
672 1.0627209932753678
673 3.571779088331976
674 1.316463709483401
675 3.9687218472923558
676 1.0565647720721967
677 0.7348295123438878
678 1.871142822944956
679 1.0541672277546954
680 2.088811132372336
681 9.468021591249373
682 4.8695888578442705
683 1.8080431424623127
684 2.439306696334537
685 0.20092635640088408
686 0.8567230423171017
687 2.5262884005969375
688 16.950447391356104
689 0.6328071700380415
690 1.650297141320742
691 3.909522195737634
692 2.693806916882002
693 3.382162303473602
694 4.119651072962869
695 0.9647252528180624
696 1.7335133087785717
697 1.2619778161935045
698 5.866958725950004
699 2.345041950135028
700 3.325365282502981
701 0.9817206007946455
702 2.4127404254430886
703 3.0250438236365587
704 4.596039844777533
705 3.823349902993955
706 0.7705158073168459
707 2.7330367276867245
708 1.5178582490044326
709 1.2831551188867416
710 0.8559710430122034
711 1.7663394410911346
712 1.3683725466515682
713 11.192578353234323
714 1.82691175593184
715 3.3652166389961518
716 0.344409117553099
717 1.9082964822112551
718 2.6519148330378335
719 4.658909819174351
720 3.4135743716217646
721 1.39909369739618
722 1.1390945752147852
723 2.0772823128250835
724 0.5007770425252761
725 1.504619991500805
726 1.7400034212355162
727 0.6788169095967279
728 7.289249517210612
729 1.0129900298227619
730 7.561451397350254
