1 5.381327759219503
2 1.3225046965734888
3 1.2368370610777109
4 2.046914538408111
5 2.331097130352651
6 5.698692195964393
7 3.7499422397801925
8 4.46517719398503
9 2.632521188401842
10 11.13997742158151
11 0.9354165527518004
12 7.7735096026069535
13 3.0373664323327563
14 4.031825929353141
15 1.8838630247866708
16 2.729058655409487
17 4.75375107768063
18 4.321696524489881
19 2.8708669159246183
20 5.161676285572541
21 2.6121603840971948
22 25.61466868168748
23 4.276984774640606
24 2.801193821400804
25 3.235575888271466
26 4.054902170282887
27 3.325620552317021
28 3.553364698029065
29 3.0727545331865938
30 1.9731222274650826
31 2.287824455551395
32 7.754965024753983
33 2.865371850468016
34 6.691240808088551
35 1.4067913863000794
36 9.68047712921914
37 1.3647821677507495
38 8.911684844260279
39 0.5696208205581609
40 1.1099263570698534
41 1.6087685690616431
42 3.4621517421673453
43 3.0741967120681855
44 1.57921153792367
45 0.27985823635792517
46 0.8574789319160314
47 6.9565828800656595
48 2.2645712189813585
49 3.97307169126381
50 1.5720948639028387
51 2.9941983960165253
52 2.218718579651252
53 6.412104767807025
54 5.665375664435272
55 0.7597825957881195
56 1.3823688049845806
57 5.281835051704998
58 7.585187414372169
59 2.925210157804434
60 8.599364451758362
61 2.37225603865684
62 7.9655982252554765
63 4.023435831788716
64 4.037422648575855
65 22.061548574074575
66 2.3116254981131017
67 7.9472136705216725
68 11.170408950601928
69 5.670920730427528
70 5.1831802406686105
71 1.4862417790498244
72 1.2984936676612002
73 2.646527606420094
74 2.506789109622506
75 5.92931437542701
76 3.533572308168814
77 11.777539340436766
78 5.833103463573968
79 1.3073795723023294
80 1.9575539367540575
81 1.6091048078564405
82 9.817176755922187
83 1.7803784879056326
84 1.153790482998429
85 3.262827338663018
86 2.313764270877874
87 2.760644234177136
88 10.52800698200752
89 13.421609146973681
90 9.939970853681862
91 2.2178098848975387
92 4.935107202370915
93 6.70494798815502
94 1.5027367420471185
95 7.847536929062704
96 3.2077128548807847
97 9.983391717705745
98 0.8194956986605896
99 3.8486571303594563
100 3.0823225738912794
101 8.2532926445994
102 2.949434029905537
103 0.7748924535106079
104 0.7301127776219121
105 2.842220462822206
106 3.797846054761801
107 1.6982847473367397
108 0.5667672238412833
109 0.9896039366147877
110 1.196102599041688
111 6.069360061652249
112 2.2268950555252913
113 5.964519876975482
114 6.35381950530402
115 2.2544824101549463
116 2.667442883690292
117 7.834287322816353
118 11.673988666047123
119 4.379915682944289
120 0.7265789355561123
121 1.8270018088213325
122 11.262913192075876
123 3.501926349294338
124 3.152852702259199
125 5.144466310691335
126 6.198713953397178
127 4.100881440041637
128 5.048618030938559
129 2.7684246246431328
130 10.56030882817133
131 3.809112519287322
132 0.9827597854810851
133 3.0535424065876935
134 3.6754585377468327
135 23.662569498885365
136 3.4315688942567957
137 2.0893719140322893
138 7.561526791283945
139 4.302274826226434
140 2.099998962597637
141 6.176434402452618
142 5.461987665511175
143 7.518082622750686
144 4.090027134771411
145 3.305147008810583
146 2.7901323237573643
147 1.7083444864676305
148 6.026105256358209
149 5.6024831831353294
150 6.314025999705098
151 5.546474007164518
152 6.158395379317382
153 3.8165950743948804
154 3.978144178435717
155 4.85630555756418
156 4.477462150655819
157 3.1620098868282844
158 1.7123857232891915
159 4.177952253533146
160 6.594206806523603
161 3.5712216821432623
162 3.0381154384690996
163 10.50125148848234
164 3.4713992682963317
165 16.66453697014644
166 7.567031690163241
167 3.254311666271261
168 4.4158244888721905
169 3.6171104569139083
170 19.902262360149077
171 3.689177884696112
172 1.0952479963501465
173 7.092400602333581
174 3.444194128713379
175 10.80553943210569
176 5.068587647023264
177 4.502558333893963
178 2.6775401030825448
179 0.52845282422635
180 10.599572378272866
181 10.947421308128082
182 5.86680882837267
183 1.8712217973990728
184 5.2735471114894805
185 1.5748572742777325
186 1.770419461470939
187 1.3919884122019686
188 2.780553770023049
189 19.301949861572435
190 8.231783891427057
191 11.960602111677991
192 8.889715551607813
193 6.112390651141069
194 2.3362971684299527
195 8.200402782121435
196 7.919708890816904
197 2.8175157918818723
198 3.297519931408893
199 16.539346335780042
200 2.9015495723629936
201 8.162228071437296
202 6.121885303616628
203 3.080838811484284
204 4.483452707999068
205 2.518838538694589
206 3.0476052808537912
207 1.7851199288983417
208 4.459008832661278
209 7.60465199980027
210 3.727903793142349
211 2.919343467477826
212 3.596899964926465
213 23.113035346168783
214 1.4180979399364328
215 3.3663277938933858
216 2.3244035501860454
217 5.853793895440228
218 1.3725092035329234
219 2.410514592132324
220 2.2788421442546762
221 5.928295422541872
222 1.5156857454875206
223 6.861684620126116
224 1.2099291565783468
225 1.2559048015662153
226 4.020539469943443
227 5.216821434311137
228 2.9063790692655185
229 3.460277880187602
230 5.023094409921366
231 9.386303578860826
232 7.941960577258829
233 6.566215255368726
234 2.9177690737731705
235 3.807001074598623
236 6.825341663825083
237 0.4265204542932963
238 16.711121140240838
239 2.598401722360872
240 6.742496776396124
241 3.044398762351009
242 1.7731593539406891
243 27.761397304517295
244 1.8657169182692332
245 6.266611650966827
246 1.602597688553145
247 6.155236221082623
248 3.285240723151289
249 15.49675005194358
250 10.513080941310397
251 1.853557371041547
252 6.907428854841447
253 1.8282365792958255
254 3.1683077835770153
255 1.3429527790354765
256 0.7246965392172883
257 8.861278659039531
258 2.2237709469092706
259 4.475609656011126
260 4.685757223114785
261 25.33711152074552
262 2.8068508911137524
263 10.136482657484798
264 4.033339642962215
265 3.7546213078339528
266 2.6654570995807836
267 3.6033459487227675
268 2.128873354494627
269 2.3929296648566414
270 8.460234557053642
271 2.0895055482884786
272 4.961413720847383
273 2.860194268913728
274 6.184350843916635
275 3.729395514047221
276 17.892931002134006
277 13.568616555061801
278 4.1888376964484335
279 1.6905730312064289
280 2.31418357118348
281 13.635322290783167
282 12.828224606801072
283 12.462392104359568
284 2.413900412524942
285 2.213042904046006
286 8.778917973282187
287 2.227942363185545
288 7.489574323618713
289 4.61451965539012
290 3.8132303221523363
291 10.175224908583296
292 3.0641020245367665
293 3.0079704512240015
294 3.2973903890508045
295 4.569609839993998
296 6.21821546024452
297 1.7785061260911155
298 2.8596412250182066
299 2.016599779675628
300 1.9285424041342778
301 13.845245805422408
302 0.7586675934815842
303 10.633973579813933
304 0.8765408799235714
305 10.040397547964094
306 6.208183206163573
307 11.808013321622962
308 0.8929976933233225
309 10.308945545146457
310 1.4132914413797308
311 15.938109532104447
312 2.401838179231355
313 4.615661072795465
314 4.466526783679651
315 2.2670428448721087
316 1.3434795835952507
317 8.836701880983913
318 3.696518935160997
319 0.6034953662784079
320 6.189451522716906
321 7.896546974482805
322 1.102681495541653
323 1.6607808796570687
324 5.228676690641696
325 6.227470322075808
326 21.376763950226785
327 1.0829928700576708
328 9.519990186943922
329 6.092059961364135
330 4.471262497414766
331 1.7437825097332624
332 9.88487215718256
333 6.622580046427184
334 5.77933503498442
335 1.0895883027896942
336 3.1945194388729083
337 2.1810447695883535
338 5.962717281533256
339 12.983250851714672
340 2.568393243634195
341 6.205661587383457
342 2.1425756578423307
343 4.433613495578456
344 3.9184294626798515
345 0.49693553506045957
346 0.3710103027238308
347 4.8988834050471795
348 3.1731928799659657
349 2.933143630197427
350 3.269030052492056
351 2.225122787704757
352 1.4813048290402413
353 1.7175074563857238
354 16.90262745142652
355 3.9901978682423938
356 3.2112422603081203
357 9.332870084271653
358 12.05290514988598
359 24.242229472923174
360 1.7664649775538883
361 2.123922434182357
362 0.4275298301329634
363 5.221632621936679
364 1.8934108033300951
365 3.4657287569386765
366 6.98822634038893
367 3.5505368715603667
368 3.4646863305287834
369 3.932423820300418
370 5.338123954162049
371 5.826492085694674
372 1.9001557125469652
373 8.48143540408753
374 2.3653460995317053
375 3.671294824379188
376 2.376090433379966
377 0.6292071626539345
378 7.00950986043609
379 3.5699644940703426
380 6.114117480132808
381 7.720496044287803
382 7.4751681162231165
383 2.5440229420664586
384 1.5540271272005914
385 2.4160292215570482
386 2.948472129341665
387 11.748764236802195
388 4.171096501665714
389 12.025675078377043
390 1.4093819867598911
391 6.443779058007858
392 2.890830392975905
393 4.554023448501941
394 4.315092096795354
395 3.2399187075193074
396 11.849288071347686
397 4.791613739097877
398 3.690311846934741
399 3.225911760746098
400 2.8483456747774
401 5.946497871512243
402 5.216416742372605
403 4.640375959728947
404 1.321517866923603
405 2.089417107682134
406 11.068465546138027
407 1.7584488168749501
408 7.712545618948819
409 1.5010544338035376
410 2.3001312126387146
411 3.5189615956332583
412 3.6250285239331883
413 3.9978293749004647
414 2.957200368185991
415 3.2538096298480332
416 4.408361746601298
417 4.330558265598108
418 8.896731000807394
419 3.762162444827389
420 2.0604580003730777
421 7.106300559630732
422 19.30276622304755
423 5.702107617533238
424 1.2086147100624915
425 4.535217387007042
426 4.484824277909958
427 11.70054722267837
428 5.339891813241588
429 6.2245450628792005
430 2.3941646575352316
431 3.959268544218458
432 4.8812461091606
433 5.5604473369583935
434 4.740241011641512
435 21.1924084292801
436 3.485153818894007
437 2.0784603281606513
438 2.2677756626960064
439 2.967958336066758
440 7.412258368585219
441 4.026359091005846
442 0.7608558094776998
443 3.6460537738193564
444 2.262982406702736
445 1.50750549761687
446 0.49311842749219975
447 3.679752648796526
448 3.8291489153426186
449 4.326846824872548
450 4.909006977885519
451 2.8453263662133925
452 1.728076884667223
453 1.35040714027887
454 1.4047557070108667
455 0.32893575825430943
456 9.74180661918474
457 5.767206153672768
458 3.1609356734576477
459 0.6781016918800087
460 8.051088029071396
461 16.74710313123151
462 3.4618926736216915
463 1.288598470427468
464 10.175313982490046
465 4.102545336043781
466 1.1110698571582815
467 6.8590275930759
468 0.7187699802608138
469 3.1034420516697776
470 6.119133181897188
471 0.7098997344872958
472 7.951017050110145
473 15.127539214840759
474 3.116000689582161
475 2.2250570722958454
476 4.343968655543348
477 4.305583279861717
478 9.205285147753246
479 8.309612644324782
480 8.46634345475643
481 4.443070353469392
482 2.9088072577175264
483 9.527426725059644
484 1.2493602338903942
485 6.124690980400753
486 4.468815404625417
487 7.773060754763195
488 2.3648848909698197
489 5.15367732909554
490 4.090884947114679
491 7.7662722576931555
492 6.240113217633503
493 1.7503375035850532
494 1.8190291865710095
495 3.989989596687801
496 1.0219693449578848
497 3.0389493325327717
498 8.561864965988466
499 3.5824947392396607
500 3.5571999983302827
501 9.243283491887217
502 3.7215074444756713
503 4.979046977742531
504 14.731433008971697
505 3.4845487340144987
506 2.875276261731859
507 0.5518815258456437
508 2.1226239879203606
509 2.881515951946425
510 3.793048078309621
511 6.401913068715823
512 9.028107473426838
513 6.114269966890183
514 2.954655994339222
515 5.228849574955306
516 0.6873707792582042
517 11.577890894910338
518 8.65461056650109
519 5.78352596269312
520 2.43313078389282
521 9.017899725449201
522 1.641004981518566
523 7.606940381079932
524 6.430118320488914
525 6.071670853645613
526 2.815584889374687
527 6.971160949819561
528 10.622953499259557
529 2.8978516304786064
530 3.4406043320727773
531 2.8316174346867093
532 3.929100121324035
533 6.158968342934398
534 1.716492405224047
535 2.0579894128682725
536 22.598185493275246
537 4.268079298570957
538 5.469141686054251
539 10.41375252446187
540 4.405715974913186
541 15.637890798729748
542 3.726331297699194
543 3.4799571577342965
544 7.707477052086396
545 3.138321478354688
546 3.3789102447364128
547 1.0757037808443877
548 20.39814383570811
549 14.90319422726679
550 0.9516663615829953
551 2.7418706420608276
552 15.144469691681934
553 5.495295281889112
554 1.4986228117567975
555 3.8817301487061435
556 6.81054384597016
557 3.1166343767656146
558 7.032263449651233
559 16.682726217954514
560 4.701953394329255
561 1.8097211204167514
562 6.293288361624713
563 6.72689614498305
564 7.1593292415114105
565 9.540698892945176
566 1.5753397891668581
567 3.4876671200049545
568 5.1145250011349415
569 6.932185627019329
570 3.7362951104031006
571 2.8437035789627974
572 3.7844858195227404
573 8.469133223324015
574 1.485148566155279
575 1.894514279530632
576 5.765417048442187
577 4.34098727272313
578 4.1630749212518
579 3.0746101113803226
580 2.9275295214260635
581 4.2484784342302095
582 7.741156372330118
583 4.9381148964323325
584 0.8490091307221627
585 4.423616209580363
586 3.7321593958533583
587 3.3548981594609564
588 1.4079473260368864
589 6.290868346981259
590 8.963285902236194
591 2.3859326879285434
592 1.5017050324515868
593 1.3195391249328796
594 4.5568560544592
595 6.316572516714287
596 3.4315971310661957
597 1.3118206694273982
598 9.875162344772935
599 2.113726752878269
600 2.194696620095217
601 4.769787738197317
602 1.7869852470254415
603 9.252135753029306
604 7.381727550567981
605 4.364263775606399
606 8.315291708494618
607 2.0681599956440597
608 2.3783102829627456
609 9.88335649243209
610 1.5690202108286369
611 1.9239377124699217
612 0.832931691204885
613 2.057792131177375
614 1.9341942785630089
615 2.623655907915961
616 3.8002821394849113
617 6.433867695708532
618 8.208528434817154
619 15.05671252766416
620 4.521974792888179
621 2.392460642505626
622 5.59085152356145
623 0.7584371163201759
624 1.9891779313365414
625 2.217868137008834
626 8.499477406353968
627 1.7459879995063194
628 22.133970437108196
629 0.9404953572518865
630 5.257988988404827
631 0.9822434764732897
632 8.024929535544347
633 2.580104928687549
634 18.13953462855938
635 4.702718168260995
636 13.30128624258152
637 1.9600990765148925
638 6.924386660568034
639 5.292728684033861
640 2.4901593602797853
641 2.2761994784316104
642 4.597584974400338
643 4.456841486575958
644 3.5016688816944064
645 0.7629787816269096
646 2.158767853025306
647 5.793482688016209
648 1.7052866461720977
649 2.9873624589934167
650 7.658844906924414
651 1.4053649415639748
652 7.730071128211626
653 7.435779193572097
654 4.610259156222321
655 3.117292150545393
656 4.414168538054543
657 1.7178757946065413
658 12.152559639782327
659 5.797633072163311
660 6.4674806465475125
661 1.0103688907062482
662 7.354625643181381
663 1.6799358658220862
664 2.9299156589613804
665 12.552807916254933
666 4.079094521399403
667 0.9267679736449363
668 2.1186863786049477
669 0.866128262880194
670 2.4106401201906817
671 6.637799867835908
672 2.183697745204554
673 3.658511408596912
674 1.0794378429686122
675 3.8985992757655676
676 3.956328051827431
677 3.7806832900315035
678 9.069565188073506
679 3.1660208007332757
680 2.0763913985541493
681 2.9639382899602023
682 19.090106890141087
683 3.726618327171061
684 20.63437232432281
685 1.4602311491655242
686 2.5761792276016964
687 4.612467430638178
688 0.4951779362634323
689 6.693477587768282
690 3.683849746905979
691 0.9745764273913899
692 3.7638606670990638
693 6.919406083184072
694 5.697435045496768
695 3.889326881614576
696 6.452128737346322
697 3.3214735117055842
698 14.053977224618114
699 13.362793413420402
700 2.855664764970965
701 2.5420960147783553
702 11.494405620435456
703 2.7346849001233706
704 1.8408341886907393
705 3.412606116583482
706 5.669421712496986
707 2.759262800672994
708 3.576472729444534
709 4.256583535055298
710 7.8323758768901035
711 18.58483183690153
712 3.9881119763402153
713 1.2404939174725904
714 6.403071784308775
715 4.114584054873785
716 5.084693696082699
717 3.465764216625222
718 9.184793333177769
719 1.4968739023383668
720 2.4658214619990684
721 6.290624409451079
722 8.087066333057878
723 4.935256440719937
724 1.4473639919545342
725 1.4463956383294823
726 5.542732866654619
727 9.787974680465146
728 5.27936311169167
729 2.978541024674608
730 8.361517654551113
731 1.091206450125817
732 1.7397129611749094
733 5.895501192638512
734 2.480165847645434
735 1.9178424185576572
736 4.097043774272993
737 7.217857878497436
738 14.95021231830041
739 2.590023921564727
740 2.0845821649494694
741 2.585861240497586
742 8.674046351923332
743 6.677713653369403
744 2.8034223791422757
745 7.531221771675032
746 0.9930097749623106
747 6.243508780446334
748 1.126060174423683
749 1.1403893617432463
750 6.250351872707082
751 2.406574021607291
752 5.893723193042698
753 3.3104567467779664
754 14.786157730230732
755 2.219602864885678
756 10.492437744828202
757 10.648812878786954
758 1.4226915405374974
759 4.7762551344244235
760 2.2177145243204945
761 2.083311097749837
762 3.9193365123822375
763 3.8363085422466745
764 12.312464434651716
765 11.606557394206144
766 1.9665931196770994
767 4.268656090307726
768 4.552986676482938
769 1.6295476627995529
770 2.922737179257795
771 8.054741859309079
772 11.195379935478105
773 5.25091504923462
774 7.073091376040856
775 2.514262239775609
776 3.9575843676796874
777 5.761240179208083
778 3.074046925865019
779 1.9697307015089702
780 2.846316625081243
781 0.7813026567836865
782 3.238581764911572
783 10.122718585834555
784 4.979074120085516
785 2.604088811959011
786 8.267014478936362
787 5.371296213574599
788 10.595858142682616
789 4.33619871458533
790 10.698719591993665
791 14.13514834877803
792 2.4514648403252632
793 1.9592229994085224
794 1.4523726126119632
795 2.244200933143688
796 1.6299141767757486
797 11.195507712798111
798 3.017064278712168
799 2.4647239509250287
800 8.72685938417194
801 3.120872020477206
802 10.381352145676685
803 5.395279229121258
804 3.905810012331265
805 5.722679079231721
806 13.427797270259882
807 9.9367246298524
808 6.3816081147475066
809 5.379126229423471
810 4.445564963414372
811 1.4726689652739338
812 2.0723153328925665
813 2.959970482237887
814 4.794397923283039
815 7.511123383716243
816 0.9405819135284247
817 2.8025637960613152
818 2.0668063424703105
819 8.324843541268617
820 0.7364193392191242
821 1.0839064529633076
822 2.7165318084520713
823 0.7911959950663058
824 1.8648761311217241
825 2.8882284434500143
826 8.45479169757146
827 0.6610984498400184
828 7.16331434183029
829 14.065692558227653
830 4.576650386258891
831 1.4378617096326818
832 11.784344126134059
833 3.9816027397199933
834 2.819484142489219
835 2.3676925401559443
836 3.7131114085134764
837 2.418138010321455
838 6.590290796373299
839 4.1436109980279845
840 2.120621212347713
841 3.28758581226771
842 0.651593475975922
843 1.6189559319869673
844 0.90136550404053
845 4.151414720496175
846 2.24612676197944
847 3.3196965427409255
848 17.71167189738929
849 16.26390853854169
850 2.791387594210562
851 7.844718360360855
852 1.1587291003827074
853 3.2512839566434106
854 1.773855608904014
855 4.726953868197584
856 17.713691799258868
857 7.9147110326099455
858 0.5920054953743352
859 3.1788636419388374
860 2.6093054530465127
861 1.9369122118918745
862 3.626502858269898
863 3.74942759667823
864 4.498233547735399
865 9.145853729512966
866 29.23572341764069
867 6.4404046825383094
868 4.853440886074035
869 2.5804299228617653
870 2.1621461785463714
871 35.43434115327052
872 1.3356018067474384
873 0.817953927655872
874 2.5883758325211703
875 7.643872512934012
876 13.639893557974213
877 1.75282943922057
878 1.3461988520395878
879 1.2633572337781642
880 7.848359581259794
881 4.213811796171076
882 3.8316353115682658
883 1.3179013455739867
884 5.496374141496387
885 6.450011399320251
886 10.05047893883876
887 2.4466835066543395
888 2.1496113011953186
889 19.08252497435846
890 4.1920620685254315
891 9.915376997163019
892 1.2898233099825012
893 0.6284953057483104
894 4.709216371512539
895 3.7815752958202045
896 5.34101872255831
897 4.98710235930742
898 4.9152337507909785
899 3.4689565579184762
900 4.98534787380648
901 16.574057863728086
902 4.108953663808399
903 1.1991427274520428
904 1.4451090466984722
905 3.1009016606270854
906 9.518572101199565
907 1.5243785387218751
908 36.86330541830417
909 36.77528335088989
910 2.994098574798601
911 6.46238677670208
912 1.9999950902537957
913 0.7588147023995514
914 7.7412515668982165
915 1.413556942009863
916 2.972458510311221
917 4.982894702514732
918 3.7589297936558257
919 8.519688639746333
920 1.7075594498019768
921 23.57066443666479
922 3.094686351925014
923 1.5773644991453464
924 2.7315777078732486
925 12.366186477932727
926 3.125130180454354
927 13.118536839389606
928 3.609473868119106
929 1.9484773922520524
930 3.0353901687290015
931 9.824791459604858
932 2.0015294251729507
933 0.541321147268193
934 7.454196580940253
935 4.174398416598709
936 4.67948160773006
937 8.10474266685039
938 4.062564157503862
939 10.911213610153645
940 2.408181764355684
941 1.6992212763963617
942 1.9848610960914372
943 3.3260320340240264
944 8.01971788087764
945 0.7011078188005843
946 2.7364639386688983
947 4.947148284559993
948 3.9360899359834773
949 5.260737870698466
950 2.7841003353402876
951 3.161192279423685
952 10.808908659927324
953 3.17428338282768
954 3.532677107326508
955 6.488298503937621
956 0.7332388769054655
957 4.042652238408734
958 5.259658143994206
959 1.9620731340652284
960 0.8148143008491499
961 7.361208123903335
962 2.247600870952997
963 2.7044558060218256
964 7.671167791880883
965 11.72595887227913
966 7.146893820368299
967 1.2369077573837726
968 8.760989526523316
969 9.140008203058661
970 4.234650078553402
971 5.696848972169439
972 1.6353171018844777
973 6.977348982002465
974 1.63728181224318
975 6.022194165806118
976 4.227435172465585
977 4.680212176283112
978 0.7169991912710241
979 4.729051078543309
980 4.235592015528811
981 4.345508613843012
982 22.490812705030653
983 6.660751172985296
984 1.169155342547241
985 1.464599718425102
986 5.995852360885447
987 6.261433473535122
988 3.3250769511498235
989 2.932140036879376
990 8.095669453304597
991 3.634801821766283
992 3.2269409226424393
993 1.8839008703871143
994 8.980503149732671
995 7.8030585847231375
996 1.974374546811334
997 3.3635186030923325
998 8.787491648774683
999 6.483891250558407
1000 2.7458652222017763
1001 2.2140619563065997
1002 2.4165970381410933
1003 3.2310919758740484
1004 6.765771874189518
1005 4.094738128241676
1006 2.0518025059650933
1007 1.8772230321200447
1008 7.137426539895418
1009 2.887277049767763
1010 6.841147493007124
1011 17.156968350304258
1012 1.4033425281403455
1013 6.373527518197164
1014 3.5208734238903108
1015 2.0489759561115566
1016 6.965609481192578
1017 6.8441704104731595
1018 3.7349712293930293
1019 5.796304258438385
1020 4.408658373575763
1021 1.7824946771619583
1022 3.5755055825939572
1023 1.4881495465632997
1024 8.96274194491919
1025 2.9943422032177214
1026 2.6714274451948743
1027 4.0743097217741076
1028 3.287082840869661
1029 20.594841263289517
1030 8.211124844374561
1031 8.439180517084905
1032 5.964576068924671
1033 2.333123419917309
1034 4.328965310824017
1035 4.662071693780221
1036 11.305761051943358
1037 6.690280940667466
1038 1.605004919104037
1039 5.067679564952142
1040 0.862304685827097
1041 3.467561603036633
1042 3.53621673693288
1043 4.983040318660122
1044 1.1108807438618427
1045 1.6543024748139699
1046 7.220546523657007
1047 3.376376146322247
1048 3.6458043540890603
1049 3.6315091520704876
1050 6.613299196869237
1051 2.8354453691737542
1052 3.993511078338482
1053 15.568250473133942
1054 1.5237288498196369
1055 7.949034133596345
1056 4.835783892106173
1057 0.7324437389978355
1058 2.0252897778456638
1059 11.237205130748274
1060 2.468317711293724
1061 4.097568607330566
1062 5.4262989726369
1063 5.101936318521137
1064 7.76611355809425
1065 1.4801114591218323
1066 1.5003357224000704
1067 4.00082007074544
1068 12.05221671588009
1069 3.5320119047182255
1070 4.0283274766857
1071 3.0041241919769393
1072 2.959940645387429
1073 16.19940039260253
1074 3.612438126841873
1075 6.8041428726797655
1076 2.3895929507458766
1077 5.547624262823891
1078 3.2980708573955395
1079 2.645295163888884
1080 4.367108659252734
1081 10.999125331885256
1082 2.5306395322091535
1083 10.066054377364065
1084 2.1079138257457224
1085 3.0100671021859333
1086 2.423861356196021
1087 1.3486205889480953
1088 3.404923491043313
1089 3.9308473491860854
1090 2.299801920295214
1091 3.2977222296304443
1092 4.917719864622933
1093 3.180778475171472
1094 5.529398813297554
1095 41.62508828736403
1096 10.390769259990504
1097 4.407665784029808
1098 4.12582018774928
1099 1.6125348085739064
1100 1.264324927770313
1101 2.6536197421613856
1102 19.321051633125503
1103 7.826133511574907
1104 3.6205811616369483
1105 3.4366599892836134
1106 9.48857948569279
1107 6.1320648952806085
1108 3.5875832180128677
1109 6.361842783656444
1110 3.721314226094793
1111 3.8532933553466333
1112 3.363381213477515
1113 2.369626443190123
1114 8.67219760864142
1115 11.678395189232875
1116 3.0916767211643883
1117 6.4740462706565625
1118 1.3667758351690444
1119 2.8049725368064737
1120 2.7890288954888502
1121 5.291314869782675
1122 3.301977498269893
1123 11.148021728957907
1124 5.297511682927663
1125 4.187282554681514
1126 3.9176066585379075
1127 3.3605523060398923
1128 4.201667678658354
1129 8.274413494515713
1130 1.3267540678932068
1131 3.0821826191925195
1132 1.4024329556687662
1133 1.1429530225634692
1134 1.540672411917044
1135 1.3835376531430805
1136 2.2612270190960517
1137 2.7663739927928743
1138 2.005452524643772
1139 6.675561886900976
1140 3.283829696130987
1141 0.8095964982021331
1142 9.989088364806054
1143 2.8768820540586746
1144 6.319938400028486
1145 9.456820976363966
1146 4.326338253704496
1147 2.164511351466542
1148 2.7360453381399603
1149 3.578624781249311
1150 1.5961922367339596
1151 2.6261404779588142
1152 4.125073826492755
1153 5.567796425638288
1154 1.8866814420778382
1155 3.4204709951074785
1156 1.116903532168507
1157 18.472329089418736
1158 6.749102870366489
1159 4.617635138581204
1160 6.261500959630917
1161 22.551126755465265
1162 3.286493398595581
1163 1.5921885008425105
1164 3.8038147978462282
1165 4.699465509023846
1166 1.3626038798787476
1167 4.1735957623544575
1168 16.307956544810217
1169 12.136167021513915
1170 8.83751421659951
1171 4.106699878718113
1172 7.8502720620756925
1173 8.492835200235884
1174 1.1826838963973916
1175 4.925243495170388
1176 4.2511649284881425
1177 3.2943006881873496
1178 2.3463438867146897
1179 5.470972864796063
1180 1.8334664463130166
1181 1.377619526032512
1182 0.8743146707476718
1183 4.458750544996825
1184 2.9029328833349415
1185 3.149481049298721
1186 11.490559950074097
1187 4.195876657257226
1188 9.787875430231175
1189 5.249866847751836
1190 11.813437959635788
1191 5.377495218411579
1192 9.790907642718075
1193 4.257886098805365
1194 4.883244031870415
1195 6.324410350534795
1196 13.085469629573987
1197 7.085306711784935
1198 9.550246662572524
1199 7.3654408591283955
1200 4.555714647214533
1201 7.3932091235083055
1202 11.483653624684191
1203 1.1134352946397092
1204 2.2100888636951406
1205 7.594018350164049
1206 4.880612770893769
1207 3.1137394807982632
1208 20.695265548991607
1209 10.970273851951935
1210 1.0890556016785464
1211 6.967694813989293
1212 3.7550050070645877
1213 2.1104823740025056
1214 1.7435553592568314
1215 2.638223103562042
1216 2.9109516687418098
1217 3.5310807108775735
1218 0.36009943316039933
1219 3.086078968055312
1220 2.8332057348085384
1221 1.756810259045047
1222 1.7684611081875556
1223 1.9058913224361074
1224 6.672071691499616
1225 0.980695745569147
1226 1.1305571428508756
1227 0.8704965820979806
1228 3.048746098126525
1229 14.873768291140319
1230 1.7359874409144624
1231 0.5249465050293749
1232 3.769801771638715
1233 3.8685402653308087
1234 3.4218304465226126
1235 4.404764872047842
1236 1.704339278843456
1237 2.0147145276363445
1238 17.852824358636244
1239 3.3100736116184026
1240 12.888683834539085
1241 4.522557071752509
1242 1.8407672886600237
1243 1.741985533139573
1244 2.1976507632367692
1245 1.2320003589572432
1246 2.855299095193751
1247 6.520755601458254
1248 3.118055598480984
1249 4.12218430524751
1250 0.61002818799795
1251 0.7296099239810765
1252 5.286090918500248
1253 3.3344886365568724
1254 5.58642877178567
1255 4.636320261482964
1256 2.6507447481085658
1257 3.7688980718595664
1258 7.873881943157837
1259 2.9670727634798633
1260 16.31102920631119
1261 14.718445149492224
1262 1.5584665885966273
1263 3.3544510776939656
1264 2.5176819701498787
1265 7.904733751111856
1266 4.972630897629214
1267 1.1291506974407612
1268 12.69759259532613
1269 2.085475252370849
1270 2.8945435267375648
1271 2.838059003620336
1272 3.192635513505901
1273 9.174570310043999
1274 2.738697551649061
1275 6.30953570352087
1276 11.533177611810652
1277 4.170076049203946
1278 4.313852284255485
1279 2.912236298207429
1280 16.35763598537013
1281 2.1434615686447116
1282 6.4476280887398305
1283 2.1449496274284976
1284 3.704672118981071
1285 12.167593986160213
1286 9.35505286258073
1287 1.2100539963150705
1288 7.947047067956963
1289 4.250249663882252
1290 2.9334136351802025
1291 1.793092229873549
1292 8.429333690293806
1293 1.4523855290189263
1294 6.11573247159526
1295 3.723724080164607
1296 3.3841769299896187
1297 4.5331096556589765
1298 1.917441748146716
1299 2.7979347167763082
1300 3.1641646959725334
1301 1.3700745833200099
1302 5.003218009726459
1303 1.6852197639958286
1304 2.750536476124519
1305 1.4532488730415158
1306 4.564018838088492
1307 12.771669568451577
1308 1.3910905272474379
1309 13.303215700897939
1310 7.068302465665396
1311 2.0266061751596993
1312 1.0079885664858041
1313 14.069609508837159
1314 2.854335796586287
1315 15.714328561418704
1316 11.487844084323015
1317 2.3527172845560664
1318 1.2884734123656865
1319 1.993389763884313
1320 2.2507878444693454
1321 6.26310690566079
1322 6.230130668242419
1323 9.055821859777607
1324 5.93729462292792
1325 5.704292690635322
1326 6.201271685970936
1327 4.389353928702798
1328 7.601847687759944
1329 3.5225265818909994
1330 2.5397309220052064
1331 1.2526487202035048
1332 3.198638960244132
1333 1.063407404499116
1334 2.867489985497638
1335 5.3548952353435135
1336 3.423450104671789
1337 2.096979267994387
1338 2.5608270541342986
1339 4.0367133142969545
1340 5.4121962601115134
1341 5.493585728092463
1342 2.43792082445376
1343 1.096712326826649
1344 6.257027928492099
1345 11.024181890019491
1346 3.410395796367692
1347 3.183667972689391
1348 0.8834668753801775
1349 16.869044696314976
1350 1.6324368055937344
1351 4.730577467617962
1352 3.684788499141135
1353 2.0258507689028016
1354 1.5852596895018758
1355 1.426725203349008
1356 2.6387919095269203
1357 7.460370220623606
1358 10.695251032807597
1359 2.9729129150144282
1360 1.2593193470721713
1361 2.088606564963376
1362 5.710988822236048
1363 4.375261303603025
1364 5.364504849544085
1365 10.144368935937418
1366 3.287512316051126
1367 1.6324670919111726
1368 5.095095703735076
1369 3.795608200047457
1370 7.7991987430193
1371 0.7001674421359069
1372 10.40581140647698
1373 14.395268166460053
1374 2.8192679743715767
1375 9.559997248927601
1376 1.375515984551141
1377 2.678100414874747
1378 0.799247123044237
1379 3.682892857465793
1380 0.5015915852359805
1381 10.644350537005021
1382 6.946124558046643
1383 7.077072420868171
1384 0.9203983886433765
1385 2.5302792037892896
1386 8.428032872021207
1387 9.248476811215365
1388 4.633204357541827
1389 4.143472577275546
1390 6.047123290290235
1391 3.2786206187544917
1392 3.887817774116807
1393 4.457132715949813
1394 10.623787748515674
1395 15.675892480681092
1396 0.45703662014779484
1397 6.108027265630475
1398 17.946521682711214
1399 4.633184516197026
1400 4.161968640089713
1401 0.6820797828044858
1402 3.185548167865049
1403 9.985812428009476
1404 3.286673285607205
1405 5.021002190783924
1406 2.5548081429832785
1407 3.6999068542125686
1408 5.0832697078763385
1409 3.5611261969352013
1410 1.4219499347451867
1411 3.1269165024761163
1412 3.909220896703373
1413 2.090210084200208
1414 1.620877757227468
1415 2.5893796201444417
1416 30.235583174380707
1417 2.1796316161260885
1418 3.891064004319672
1419 2.0662059392323657
1420 1.6395201443422998
1421 3.5942341000470392
1422 3.425497314179504
1423 3.3977377679324703
1424 3.5695022156060996
1425 3.6771491654175095
1426 5.422455598022025
1427 5.061826418244393
1428 4.655416878139511
1429 10.489699701555516
1430 7.411809855447555
1431 4.236345723400852
1432 1.8043444749228628
1433 11.618605471177053
1434 8.628501130338757
1435 3.34091602783836
1436 7.364155842286625
1437 1.088966744715607
1438 5.47948307581731
1439 6.878794389301229
1440 6.748506493939575
1441 2.2447752337942295
1442 4.566212776661788
1443 3.762977111879125
1444 2.493613663607803
1445 0.9633814341995134
1446 1.0355929728401037
1447 3.192106119305465
1448 5.5312708073348436
1449 3.20088225105784
1450 5.275430266858087
1451 3.3737128027308048
1452 7.937918078202897
1453 2.567329170222167
1454 1.0665477358251956
1455 2.419339258190737
1456 4.968594597789769
1457 2.0942995747486766
1458 7.393153645984194
1459 3.0695547711500035
1460 2.2298491891512686
1461 6.516625830011604
1462 1.9125634146605401
1463 1.4308089961690087
1464 3.8441028823608083
1465 5.434971122408213
1466 7.320259525571322
1467 6.675203035900016
1468 3.137051953792806
1469 1.994327618518415
1470 5.412404759315153
1471 2.014583224770766
1472 2.6687282153788265
1473 2.394728495750103
1474 1.7795133350785104
1475 7.917813181502477
1476 6.0635370606375485
1477 2.4932782021595434
1478 5.113599426627853
1479 6.002932426942406
1480 1.0421777845281925
1481 2.8901581415544935
1482 4.118757928011557
1483 2.0598710734294916
1484 2.0082782955639074
1485 3.574654143191496
1486 15.239758500836952
1487 3.6058726276136106
1488 2.0021392477575155
1489 4.979111310156103
1490 4.583541797088486
1491 2.1937053339337957
1492 5.325005469646172
1493 2.410049416964719
1494 3.1326547267014044
1495 21.53582892244851
1496 3.236454147267957
1497 2.901423478954772
1498 1.5404595162577799
1499 1.7322537984923077
1500 10.381434507432044
1501 1.404369428818728
1502 7.814682923710027
1503 1.49729078112225
1504 9.047228217771888
1505 1.4890040350528286
1506 2.797757772367126
1507 7.5640881855241675
1508 6.504479040838743
1509 5.3663206538482795
1510 2.6642466792581585
1511 2.0570364853021097
1512 3.553014657125636
1513 22.720284268059636
1514 1.7014288895156233
1515 1.7777498236355922
1516 1.700478021851912
1517 1.5760788403608965
1518 0.6311497181278433
1519 1.1221824945058065
1520 4.910458704427334
1521 5.997403220770312
1522 2.6607258911693648
1523 6.845489269661929
1524 5.93651234046251
1525 11.58396737837159
1526 1.4795677542798418
1527 2.790081085926223
1528 12.28754298233155
1529 1.1575392418211272
1530 3.681191781994602
1531 0.901988770865399
1532 10.680067114371386
1533 7.834240598338792
1534 1.5550935011575735
1535 1.435583540263709
1536 5.580572350620918
1537 22.052356610376936
1538 9.042176699166255
1539 3.624941951292795
1540 4.203908849308848
1541 3.386997508024482
1542 1.956209702591348
1543 1.1583001000419135
1544 3.0349351377303524
1545 5.468032900061869
1546 3.4395249071121388
1547 4.846974835771004
1548 2.3688433154652078
1549 2.0361723446203546
1550 37.122927416074795
1551 28.62110671591985
1552 2.918681575011383
1553 2.9477878271641083
1554 17.846872934567305
1555 5.305484797871679
1556 12.260370175182391
1557 10.621235927193734
1558 2.073156564710854
1559 6.100175641169699
1560 5.050502509192674
1561 8.640272497039565
1562 1.239997493279021
1563 4.504709889232097
1564 14.58579863617606
1565 12.149964094095115
1566 1.5659851980561552
1567 1.2295463167732954
1568 13.640243660391286
1569 4.723635959517035
1570 8.697492701892633
1571 9.497517646736556
1572 2.550497300145838
1573 3.195096417248849
1574 4.458118643257749
1575 6.3140773138046775
1576 2.1259664750788674
1577 4.987433753658063
1578 4.06738923325428
1579 4.68552455288121
1580 18.219261609325233
1581 3.763942452339
1582 2.29955154567248
1583 20.24068021859227
1584 2.441800082531274
1585 2.1740078695371143
1586 4.3587150253584
1587 17.868047031606142
1588 3.208235190547548
1589 3.559536709167644
1590 1.4611658448057072
1591 3.9278431006381713
1592 3.9637965478682595
1593 13.679621735103554
1594 1.2271289874237385
1595 3.7041978437720706
1596 3.011054068138308
1597 8.903644040190718
1598 1.1554156185216466
1599 7.366999397423952
1600 3.52422954733212
1601 1.7454701627444729
1602 3.189031623887295
1603 10.18434586566475
1604 6.21588171871337
1605 6.051709495324737
1606 7.601966851425875
1607 2.5437422128757046
1608 3.04351632642824
1609 2.292332232966539
1610 2.58806525862071
1611 7.768189971555366
1612 3.6425164474287484
1613 3.2964112687188867
1614 5.909457862385716
1615 1.1505184947323013
1616 1.026292319616978
1617 16.513269464023757
1618 6.12113952677177
1619 12.929325867726874
1620 6.564597939526217
1621 3.160290001149681
1622 7.5096226679500155
1623 2.064386893197017
1624 3.1643176859633653
1625 3.3197359438619998
1626 22.402496150721376
1627 2.0262917623157652
1628 5.016575736115242
1629 1.6666598796015706
1630 7.380458791287943
1631 11.571114944843302
1632 8.178143991263523
1633 6.468102853911737
1634 8.176393882885902
1635 9.646640993948218
1636 2.933001161919692
1637 3.596179992208114
1638 8.551228825712892
1639 2.4274939775250948
1640 1.0439085746422403
1641 4.077518012823813
1642 4.238024974466589
1643 20.173471066333605
1644 3.49296800815093
1645 1.1430755554849952
1646 6.780820035208496
1647 2.5727341209469095
1648 1.6909821384955286
1649 2.8851805242224553
1650 4.291678083274303
1651 0.40762879464069207
1652 14.993376582954063
1653 2.5831922925394015
1654 3.254171947375207
1655 3.091869588146676
1656 9.723852416708253
1657 10.534814702575227
1658 4.4654867905510685
1659 5.225812621031236
1660 3.631840988646323
1661 6.244208649068791
1662 5.229340079651109
1663 4.55338800534517
1664 2.2201858653435935
1665 0.21929550266734976
1666 1.8353763910096275
1667 6.775562819217944
1668 5.87521567384073
1669 0.6751682735766649
1670 0.7535440043000047
1671 10.679855053806746
1672 18.339377411793492
1673 6.587615793252009
1674 8.613579764152199
1675 4.887125704559147
1676 2.912818068971396
1677 9.072612149516571
1678 12.526693462585248
1679 7.235455153453134
1680 5.045344498530907
1681 41.45499818490285
1682 10.295641982088332
1683 9.404312609314104
1684 1.8887184081640511
1685 11.412862562629096
1686 3.7316445027332223
1687 5.420845722277851
1688 1.7287415285373324
1689 0.7048363222501045
1690 2.9426558389871773
1691 2.3005685045289677
1692 6.284900974510206
1693 6.236623543281971
1694 14.26175183081289
1695 4.179869372437958
1696 5.043383563354212
1697 5.0672617230092
1698 1.4544355788530545
1699 4.119618992528443
1700 6.016291525716569
1701 5.515396530914943
1702 4.215252425615819
1703 12.622118884031426
1704 2.8554744778843824
1705 4.756757548985048
1706 3.3074101161924405
1707 5.8986904587407585
1708 2.044631315661059
1709 8.494583851279504
1710 10.36469579002855
1711 6.074457887951285
1712 2.697489955175391
1713 14.969412589264708
1714 1.4601485004718435
1715 3.2377989228515434
1716 3.88952949082431
1717 1.0712694224361656
1718 2.3570813350058617
1719 8.854514282501258
1720 0.9628832272047766
1721 5.026913567578157
1722 3.562070434376162
1723 17.44827360870355
1724 3.51548993291091
1725 8.695628214087812
1726 4.365065854296969
1727 1.7400588003326833
1728 3.164246688803383
1729 6.649298702318758
1730 2.8667710250975507
1731 2.9928122265636037
1732 3.1607109120097108
1733 5.5326101295062795
1734 3.277288057756783
1735 2.182505407462103
1736 13.851940686620049
1737 5.332383382647131
1738 1.524527033638714
1739 12.47680935923918
1740 4.899221914308282
1741 2.336346345010568
1742 1.0150622411487746
1743 6.974026883053281
1744 13.45004099166182
1745 7.294287008463205
1746 4.725379759774576
1747 5.229906952398963
1748 2.4725852598850055
1749 3.7489799911942683
1750 4.251133783818792
1751 7.827255159455051
1752 3.8679664003545926
1753 8.098740017467266
1754 1.4563424310911464
1755 1.0745951511456122
1756 2.087920827561291
1757 8.92589741434848
1758 3.0064654789431726
1759 8.948271953958272
1760 5.338003547489407
1761 7.273073702789143
1762 1.3105766293130243
1763 1.0365106367385863
1764 9.624765738579836
1765 9.567926185448163
1766 3.00664440736855
1767 8.384278669566264
1768 6.853634660919942
1769 5.222729205119506
1770 30.0568108228557
1771 4.306075985219191
1772 9.181856157338782
1773 2.093162795998519
1774 14.149528522769408
1775 7.013556676464863
1776 7.118125338805869
1777 12.911958177262274
1778 6.766333515113962
1779 2.960748226897839
1780 8.78035859595577
1781 6.033868628394339
1782 1.6057611899626247
1783 1.6769641597487435
1784 7.389288006252247
1785 3.526106558701863
1786 5.908825577593094
1787 0.7442277604860391
1788 2.373021631331052
1789 5.962002725186263
1790 7.793188165551537
1791 3.6778101843318196
1792 3.4111677107420078
1793 12.32992954684122
1794 4.864223237541536
1795 2.1649205249434114
1796 11.663473025366736
1797 1.5374619022321243
1798 3.5844873322063258
1799 2.263495970235965
1800 2.7109768029399417
1801 4.09563528914589
1802 4.785158228057918
1803 5.0954312078855795
1804 0.3121153425406381
1805 11.926425525684039
1806 3.335483838237463
1807 4.272365234859154
1808 13.526318057960665
1809 5.429551821368088
1810 3.1782604996883754
1811 2.041665866166608
1812 2.6848942500915687
1813 1.7132976041854664
1814 8.051309294637566
1815 3.8293688247853512
1816 4.070661912296155
1817 2.9703474372980243
1818 3.6243316248999253
1819 2.8611395523213408
1820 13.95212331783241
1821 1.3461378861250857
1822 3.230643326364284
1823 2.782468400457227
1824 2.345048774869097
1825 4.174682198901641
1826 5.033347732838296
1827 3.1739394342836027
1828 3.630276380516462
1829 5.340748068999565
1830 4.190334153561358
1831 11.346113069440271
1832 3.573134723412607
1833 6.483192239604141
1834 7.614546404605153
1835 4.527975225311651
1836 2.8050941427196223
1837 9.294076826998198
1838 1.368295875184975
1839 1.4080673612970676
1840 1.3629516280162428
1841 4.139115414990529
1842 9.732711368104336
1843 3.857331012323508
1844 3.405461296853147
1845 8.954072214138394
1846 2.2334177042953964
1847 9.714092021059054
1848 10.154355672322378
1849 0.9901929278027773
1850 2.0204692229770074
1851 2.7619593071361654
1852 1.4011212915994455
1853 0.30981189832677847
1854 10.343194623264209
1855 3.5556029970114564
1856 3.017278936503412
1857 3.0413570995747374
1858 2.9184501075108558
1859 1.9551162430004247
1860 3.215555657699612
1861 15.22835833793769
1862 1.3965950809889849
1863 1.10181055100579
1864 21.997085291730947
1865 9.906991536770276
1866 5.586539783170627
1867 2.4150086689519483
1868 3.9091811169723516
1869 2.0116939858584493
1870 7.683165817578144
1871 5.396370264861327
1872 3.920286054938651
1873 3.958102474755142
1874 2.76719315956476
1875 2.671587532385827
1876 2.5750893365356835
1877 3.663773062535855
1878 6.764784679192148
1879 1.6120451612881521
1880 6.288135651785194
1881 12.574405764243318
1882 3.6337535239764107
1883 1.6417147043291203
1884 1.0012988642465592
1885 3.344878307166131
1886 2.942511762592996
1887 9.83973167139319
1888 1.1327509085198957
1889 4.100065007736184
1890 4.253877899237877
1891 6.192870555815981
1892 7.468240368423263
1893 2.845937732465961
1894 1.7796103844586695
1895 3.1794036136963864
1896 6.732759271190838
1897 5.507023906830947
1898 2.2872475748652352
1899 15.995364427666347
1900 2.027456708346529
1901 12.854341554561332
1902 9.80057760447437
1903 0.9096126249266676
1904 3.625994548526213
1905 8.209258117218555
1906 0.61096829088563
1907 11.094877553450614
1908 3.0036632278212547
1909 3.4233622039724767
1910 7.682504317657192
1911 1.5975075072159117
1912 4.47054354241185
1913 3.2202465702024137
1914 3.887667536639098
1915 0.9455030964290626
1916 3.829288955630129
1917 1.0047894087855211
1918 3.022881965206952
1919 10.876768597641586
1920 3.865377410690939
1921 2.0716130508797668
1922 2.717098717526601
1923 8.38853417934555
1924 7.6093548008213405
1925 1.1928942770880726
1926 3.285642401139675
1927 4.341907745505166
1928 2.8079560960618584
1929 1.7997494525748456
1930 5.1398817376379435
1931 13.898205994836845
1932 3.665147753932584
1933 1.455124379776352
1934 5.841404872536996
1935 2.0256851865531744
1936 3.4255996716407866
1937 13.899982365380767
1938 9.295425749323865
1939 8.092726304013116
1940 1.4625991468787853
1941 6.268408594585773
1942 1.5749715205767238
1943 6.46639389053824
1944 2.083250457056419
1945 1.6502564871821257
1946 2.469751078857764
1947 3.4349549658156073
1948 2.717188295479879
1949 3.0765030830174425
1950 2.439897171249045
1951 9.750747353595695
1952 0.7832518183915121
1953 4.727543530938589
1954 14.515331874316546
1955 11.733229287458931
1956 6.200744653168747
1957 0.9446834926158191
1958 4.793458162137212
1959 4.417197096981833
1960 10.035413849183035
1961 1.3055955932910548
1962 5.414057658640139
1963 3.0929032487699435
1964 2.4101797807334266
1965 4.497963398613763
1966 7.691870452964537
1967 8.591990861677456
1968 1.632809218675677
1969 7.649320577473446
1970 6.508623596327668
1971 6.512158053940313
1972 2.930862700141185
1973 3.882221854506112
1974 1.1534051001040129
1975 9.262957599951084
1976 3.047928264066534
1977 9.5535686724752
1978 3.8276658595066158
1979 4.259467533367662
1980 4.310257431835723
1981 4.667792802976214
1982 2.0874074635779976
1983 2.9450760870332053
1984 4.093918752745889
1985 0.9307619485452931
1986 1.9657867850044553
1987 11.9345317791205
1988 1.4648348380329088
1989 8.449111585529959
1990 6.999843396131876
1991 1.9850962701485848
1992 2.0177742504787224
1993 1.218719151899468
1994 5.597041606501508
1995 0.5300140060198195
1996 3.175189033641375
1997 5.6446941274633895
1998 8.901568481619359
1999 2.4203316623110838
2000 11.643932944120403
2001 4.664763614554783
2002 3.215453721178635
2003 6.54586511203971
2004 4.505884978396212
2005 4.676666613196397
2006 3.8475680083773396
2007 1.1737030493338936
2008 17.887601244016974
2009 5.439083979607002
2010 1.322733521764074
2011 2.113579347872204
2012 8.265055933231409
2013 1.7237801657983949
2014 5.170302007692763
2015 2.712456772366104
2016 3.0984223910756175
2017 3.1816830454615737
2018 0.21504966557480218
2019 2.411311433602573
2020 3.2748593235942356
2021 5.775894020194218
2022 1.9663859118148412
2023 6.989447728219859
2024 3.139079428574384
2025 3.049785240176196
2026 9.994397059777723
2027 1.9501304323274857
2028 5.574289947050057
2029 2.7306675675709853
2030 1.3114909059648017
2031 3.6374797905202763
2032 1.235543043405375
2033 7.4242696761149025
2034 3.1727126001229284
2035 3.474451081314736
2036 4.773105003734596
2037 3.9900402712057836
2038 1.4363767589744145
2039 7.552804289969952
2040 15.235564222605811
2041 1.6195831670851468
2042 2.5100097218417794
2043 4.44762190218344
2044 2.9929260775653987
2045 0.9555610268511646
2046 3.2141913552745227
2047 4.613355859577224
2048 3.676049421269978
2049 3.077038376069082
2050 7.480668394407551
2051 8.676246205445002
2052 2.528354742370668
2053 8.822688783958254
2054 4.133446337180499
2055 2.4309142291583012
2056 4.210655631133564
2057 6.6867993514995865
2058 0.6520184708391656
2059 0.6940070144693853
2060 6.687996824850008
2061 0.5820261513957392
2062 2.2071462747643027
2063 4.3261745970811365
2064 16.286023395963518
2065 4.924435076859228
2066 5.112749727457633
2067 0.8745723503678207
2068 2.4687974186429344
2069 8.96647837953337
2070 3.7190430511134793
2071 2.650216275125259
2072 5.431794403960194
2073 6.890048097532739
2074 2.251090684538109
2075 23.90116697601294
2076 4.169611462330681
2077 1.5408100480102764
2078 1.0220086738931555
2079 6.174559915388345
2080 6.187039280016517
2081 3.8952308017890114
2082 1.8808318582160117
2083 3.553542223760529
2084 1.7415958290480562
2085 1.4574841593176309
2086 3.7045164786934692
2087 1.9280053679144509
2088 5.1702092564632185
2089 1.3275183709193186
2090 1.100861969648388
2091 5.209780542936872
2092 4.611343109412403
2093 3.376929703665894
2094 0.5998907881425813
2095 1.88828340753691
2096 1.3713596895402573
2097 6.404089058816652
2098 4.198338429696847
2099 6.56044512275538
2100 5.874882177975607
2101 2.8759827324818743
2102 4.169351926012872
2103 0.9326968689002001
2104 2.024073542726831
2105 4.649663805539925
2106 7.3764251666936715
2107 7.27160454521649
2108 2.2038637573667956
2109 5.432271094221857
2110 10.286998931734743
2111 1.3651513701511073
2112 3.358988840959316
2113 3.420395453732639
2114 0.45746191318719637
2115 2.1034404005021887
2116 5.372391834592216
2117 5.469517438378114
2118 8.576719099774655
2119 2.9968870822483713
2120 1.652125430651596
2121 2.075493777131075
2122 1.0363431694008987
2123 3.6875328697251506
2124 6.23777044044251
2125 6.443264423185901
2126 3.4978511525481837
2127 11.553234381559966
2128 2.241882951867732
2129 0.4505539123437481
2130 3.578599556084226
2131 6.091781149933474
2132 7.139199083581539
2133 2.618089636592718
2134 2.3813020983857593
2135 5.694419956553975
2136 3.947360958098738
2137 8.515815909378594
2138 14.597949806215352
2139 4.299122916396058
2140 0.5252373759769196
2141 6.180754646979306
2142 2.294576926328073
2143 10.652460486765987
2144 9.254262764279318
2145 18.192378579948766
2146 2.681265745804169
2147 2.039400771402231
2148 3.020509021975649
2149 2.48644449364089
2150 6.963981041412438
2151 3.7158671433696924
2152 3.3704969649787713
2153 23.227660722707807
2154 3.5145637308834528
2155 2.815265294723995
2156 9.607924388671355
2157 5.589242878896082
2158 3.6880542679115087
2159 6.607061123948255
2160 2.980353564411654
2161 2.9169871798013727
2162 7.549514901939302
2163 8.674301213182288
2164 3.590983799783487
2165 5.4851986815601235
2166 13.087016956520413
2167 2.4041377038311116
2168 5.779570475464902
2169 1.3463715669186946
2170 1.1395782777121872
2171 8.731869613559047
2172 2.2520192388478715
2173 2.651845088971379
2174 2.3942456619916737
2175 6.445568753811561
2176 8.223268258658667
2177 5.436356992073389
2178 3.7020934518703696
2179 3.634108306434106
2180 3.500226388997209
2181 2.2170901944867167
2182 5.987704228092919
2183 1.676241027077122
2184 2.6657827274633594
2185 5.568379964812443
2186 4.5198820714061565
2187 6.551204161100362
2188 2.9297777733696138
2189 4.863050429384275
2190 10.351457999280969
2191 10.211970330408107
2192 2.2309304780933767
2193 1.7677965009144765
2194 8.530378560363728
2195 3.6294140108278152
2196 3.392126679250478
2197 5.749856873254874
2198 3.167554199832397
2199 9.377273125524791
2200 2.9124140039539967
2201 3.9559816909808476
2202 3.5683744510029216
2203 1.2477342729183112
2204 0.31951816542211103
2205 3.5259623899634662
2206 1.6913129620812146
2207 8.085598163977057
2208 9.61150256326941
2209 1.200224572953968
2210 4.2516761829316545
2211 4.575107117233614
2212 3.4493603357974196
2213 1.2335806229549786
2214 2.56976187960983
2215 2.867892216210867
2216 2.248112635507045
2217 4.7016607384202995
2218 5.227055817426968
2219 2.3240791270436763
2220 5.552066475422612
2221 10.014824149285577
2222 6.116841933225264
2223 1.7183517217916708
2224 3.650372341381957
2225 10.30715984527792
2226 1.7465795777641102
2227 2.6958521109647045
2228 4.037024815014511
2229 2.1229464129365336
2230 8.144834831449572
2231 2.36466928233778
2232 2.061478827366274
2233 0.9428871199829506
2234 2.2122801874402604
2235 3.0140654651687875
2236 7.391661842642279
2237 1.5401815890160668
2238 8.832187170204968
2239 2.8580415580720695
2240 5.708597979060639
2241 0.8788519329521068
2242 1.4155848822050616
2243 1.636674908524641
2244 3.081999529162271
2245 5.427603460209485
2246 4.077063116574702
2247 5.079743904857875
2248 13.905770329776486
2249 2.3857066962229085
2250 2.779074431168328
2251 1.4381114800276553
2252 5.845696281109281
2253 1.68608731347484
2254 1.8701888772902433
2255 11.926181878186938
2256 9.762393894173211
2257 5.128461020288316
2258 3.7669223570634953
2259 2.488240073610859
2260 8.750046698869948
2261 0.7962005345340671
2262 1.8337674134676634
2263 3.1224901190271797
2264 1.607169582076765
2265 1.7323211682100739
2266 2.509653945543805
2267 3.4714893921630736
2268 1.4352908327202494
2269 10.698651603166264
2270 14.885243247156467
2271 3.726261094895368
2272 0.7982912914939632
2273 4.0752751778840635
2274 1.5606873946685913
2275 3.9509125108566967
2276 10.13734657235467
2277 0.9591917014766598
2278 5.8606429938707665
2279 1.9930102075239695
2280 2.4228439614916386
2281 2.020149946456013
2282 3.671114236626491
2283 15.275516082438212
2284 6.747128706539904
2285 8.818915653404787
2286 1.8825094824353912
2287 3.509259678948785
2288 7.478447684573459
2289 3.275233736164194
2290 3.226523132726805
2291 1.619970484943799
2292 2.3196109331865955
2293 13.903609522430882
2294 9.418677361034513
2295 3.753946325100007
2296 1.72389161668742
2297 1.4831269816881842
2298 2.6711373033470776
2299 20.07512549148807
2300 2.422194273031752
2301 2.7569379592725762
2302 2.3387003845060295
2303 8.463183745447404
2304 1.9518029843524458
2305 1.4405990278374017
2306 0.43887617037137944
2307 5.681786139833353
2308 1.1072356899305453
2309 6.838571040763276
2310 3.423494227242304
2311 1.4880622106651178
2312 1.5542453855995886
2313 1.6183060864015306
2314 12.588940478152496
2315 24.96039145762137
2316 1.277134771016032
2317 10.306961170829636
2318 5.022679481743527
2319 8.861269350850701
2320 0.9060882408149924
2321 2.0522710116008542
2322 16.94041711657342
2323 10.83785238123084
2324 16.19245855859906
2325 6.504997714829828
2326 6.816665520869896
2327 1.6381088249314102
2328 10.320762569071835
2329 2.9491572581398033
2330 16.773393643381247
2331 5.064855825300008
2332 7.491570281367014
2333 2.1161760607179976
2334 0.9999970919940904
2335 7.212870980746947
2336 1.3177150907651045
2337 3.7563974091166603
2338 7.16428660774893
2339 4.387547438048569
2340 4.78811447266226
2341 2.704787255168182
2342 12.013352349176987
2343 3.4091851788849463
2344 0.6748020739682218
2345 3.461459099058302
2346 2.6569365343712947
2347 3.1448651599673747
2348 7.836808895065997
2349 1.6519240908012633
2350 11.543974130418665
2351 1.562804528309799
2352 7.1854820688855146
2353 10.826354239154236
2354 4.418218849712561
2355 4.217769027627654
2356 7.735111003328833
2357 6.5627522007104675
2358 2.3262446307767655
2359 2.428379819355886
2360 1.284558713759243
2361 4.95279098468288
2362 0.6902673639804873
2363 3.060106542861086
2364 1.3468825753262885
2365 11.359514637842274
2366 2.934236938262333
2367 5.005630299399836
2368 3.135179879335099
2369 3.981250478968857
2370 2.812571101044892
2371 5.277266126027181
2372 2.1650226296347754
2373 2.7175484223508604
2374 3.091348206697533
2375 3.8273502119941853
2376 7.052876506924678
2377 3.0687787130000332
2378 12.656107089141894
2379 3.6478583174234442
2380 3.622044252986538
2381 3.2120172126241036
2382 7.013438069096087
2383 8.123349404783877
2384 0.6861564342790042
2385 0.5173872125299178
2386 10.517458219962803
2387 2.558107113803212
2388 3.567263646189058
2389 12.45255343661422
2390 1.27875708683725
2391 5.495238223068934
2392 1.1205772306131274
2393 3.03789577031242
2394 2.8311330164624864
2395 4.80069391763189
2396 1.8816569240144816
2397 2.846327948693136
2398 12.35850658380954
2399 1.9966514400939859
2400 4.007304735676207
2401 6.13656877074004
2402 5.689821477881745
2403 4.344995486677747
2404 9.703342262604465
2405 2.789237494871571
2406 4.809162026095817
2407 4.206376281268013
2408 5.943402416988802
2409 1.9400825433322175
2410 1.715986914187605
2411 3.56916405195873
2412 8.101363315849595
2413 2.52794426083535
2414 3.8135830221127622
2415 3.1949036325699165
2416 13.818949902607375
2417 3.2986065984265083
2418 9.555733168554491
2419 15.277354338544455
2420 13.781018384474976
2421 2.789783359909534
2422 6.69807149318283
2423 2.86694286756468
2424 1.071734822472951
2425 1.9981557713094038
2426 3.6177615624050166
2427 3.435602575252322
2428 2.1578608429808566
2429 2.854675774266393
2430 1.8706346951147965
2431 5.519306939181741
2432 1.6870966073578408
2433 7.354587607023327
2434 3.476360308444159
2435 6.210953502902044
2436 7.441127703405689
2437 1.5808371732291107
2438 1.4582201634417538
2439 7.188026240652552
2440 5.913823273742791
2441 6.122372913580903
2442 1.2662395769930577
2443 4.925042319714014
2444 6.488292661974055
2445 27.547006991268674
2446 7.152088580861665
2447 2.2760253134478505
2448 6.878296078967941
2449 2.691940625716323
2450 2.845574583834063
2451 3.7821663161179604
2452 2.3590355317145093
2453 8.614927162540528
2454 2.196497469518088
2455 3.5241858396860377
2456 2.834855135760027
2457 1.8737442220813296
2458 4.3975224220719715
2459 9.397600216436931
2460 21.05081072436937
2461 3.441022874940039
2462 5.406902613376293
2463 4.739825215585626
2464 3.3165018108146707
2465 9.339365063153839
2466 0.22112596425306458
2467 1.3452383483722359
2468 6.7280518912107
2469 0.5867776911729404
2470 4.841074927885135
2471 4.137332453678079
2472 1.2802615331178708
2473 0.7972361882302282
2474 1.0864346888605487
2475 1.928378518748461
2476 2.511890940771483
2477 2.690689355179066
2478 3.981348667113982
2479 4.759078755330102
2480 1.8898024055768494
2481 10.691162645836876
2482 1.2507888345248168
2483 2.783575489706137
2484 7.234072007595738
2485 2.850980869517792
2486 2.2782277212014095
2487 9.197155510376977
2488 2.9167754710345783
2489 2.2673559262882117
2490 3.043513091804639
2491 16.571240708732056
2492 0.8997773486581512
2493 9.689498650688355
2494 3.013687912620721
2495 4.872498731750751
2496 1.725534111623925
2497 2.512529032448566
2498 1.2839508162086586
2499 2.5834907906954356
2500 5.2734491511969175
2501 9.515468474768516
2502 14.466879610628236
2503 6.351123093724655
2504 1.473282908758869
2505 13.010978184223543
2506 5.3994289099636745
2507 4.435126490556936
2508 2.9874374308691394
2509 13.976389759486807
2510 1.49514224388647
2511 1.3639446049313464
2512 1.3705578459956353
2513 1.5375772987703877
2514 1.6735857487533563
2515 2.468642786039271
2516 1.3417043256050383
2517 9.18410165645343
2518 1.6953624901625126
2519 7.576145042197948
2520 6.357598978154943
2521 3.2392079011070902
2522 6.8888574535701315
2523 11.502381919915425
2524 0.6702706481779851
2525 5.634058922111578
2526 5.72830500063649
2527 3.781154882458831
2528 3.942612753047768
2529 0.9108612536943019
2530 9.968922286981991
2531 4.674751311618162
2532 19.80406185827193
2533 2.4607059877574047
2534 2.0416784742258165
2535 4.796430654673974
2536 1.0311273519603426
2537 3.7682685491306676
2538 8.227787498734717
2539 3.512505205992391
2540 2.475387736385867
2541 3.846347585826117
2542 2.403548650728874
2543 5.966057109780623
2544 3.347790925739009
2545 4.166020155073
2546 6.157793615390219
2547 3.637920732585115
2548 11.18970322841403
2549 1.4971797736641095
2550 3.3092898723308566
2551 5.346975917502721
2552 6.372268038106736
2553 13.595685010434641
2554 0.9610131665199793
2555 2.3491962262095303
2556 2.0185540400295716
2557 3.9800796358968737
2558 3.150347236880179
2559 4.264605011006123
2560 1.299913241609875
2561 3.7503518715678874
2562 1.530688111904692
2563 4.433372649031099
2564 6.769386330670321
2565 2.946103320847732
2566 5.695914027092246
2567 2.3504222796753713
2568 3.381536505076418
2569 3.627231268658964
2570 1.8210742210535822
2571 3.020412618381134
2572 2.6244339033337476
2573 2.3369767833537662
2574 2.347561035641881
2575 3.509835611407999
2576 3.197021798477421
2577 2.0071266745285685
2578 5.810485901660357
2579 5.5475587092343055
2580 1.5720890160631533
2581 1.8280024375502562
2582 3.7995437143989212
2583 3.1859309483010603
2584 4.3480583759882645
2585 6.418651251719769
2586 1.9215039258408844
2587 5.377326968566037
2588 10.621455965254652
2589 2.4031722804834956
2590 4.8650953628929825
2591 1.675768548727766
2592 2.6920929385086994
2593 1.2882639316799276
2594 5.0807654623144405
2595 16.2924785010562
2596 5.319947763816492
2597 1.4015496306193456
2598 6.8318752598016825
2599 4.169675869456153
2600 3.4210898691145246
2601 5.1963147789656325
2602 6.892304113346205
2603 5.232835130391292
2604 0.5937207853234737
2605 7.251549786075109
2606 4.922349356457654
2607 3.6061588020305337
2608 6.879425601688247
2609 4.469482532046158
2610 6.32823641188318
2611 3.491617490467228
2612 2.518185243074596
2613 0.6149589314088969
2614 4.281209466386278
2615 9.207112987415098
2616 1.3110669262268042
2617 5.750424136203042
2618 4.8688108721575984
2619 4.106661714799381
2620 7.635707747807628
2621 5.221121754485853
2622 3.9202791928687484
2623 6.699086005687494
2624 1.8173999961255878
2625 3.5183702349606776
2626 3.541523877327379
2627 7.181749024706087
2628 17.293351791559893
2629 5.057470389613627
2630 5.223062765425794
2631 3.1563307880266733
2632 4.224547254849025
2633 2.745612021024845
2634 6.388829535180629
2635 2.935858553634764
2636 3.7134406470945254
2637 4.297179838176388
2638 3.342412073498746
2639 2.0720467651444063
2640 3.3443164652892126
2641 1.592815111022583
2642 18.155586242172124
2643 1.4539378113116284
2644 5.741499023758555
2645 9.010402865937245
2646 0.2987802672413718
2647 2.4986036799046967
2648 2.489206467787816
2649 3.342243277220088
2650 8.656113865785795
2651 2.867465037498482
2652 1.94565080084447
2653 3.622686617239103
2654 3.542282908895439
2655 1.554460205445212
2656 3.6164771764995383
2657 5.103753931757812
2658 1.669284466053984
2659 2.1957204952579015
2660 2.8714813772197583
2661 1.5649522766464476
2662 1.993617615638528
2663 4.237005563122136
2664 6.2756474982936155
2665 0.9268648027163708
2666 2.6209393036039548
2667 2.3381237639140857
2668 3.8193314964881826
2669 4.563831773766841
2670 1.7484507265086915
2671 7.077463318709788
2672 2.9694212486714235
2673 0.9993794667190274
2674 10.763352338695714
2675 3.05000381237159
2676 17.699768854879373
2677 1.3339368375280036
2678 19.100762712546317
2679 7.6543074641138675
2680 1.1573462755150912
2681 4.06312302850459
2682 13.416209756803083
2683 6.221574471626915
2684 3.2106988417332607
2685 2.540976547125921
2686 2.542312650554787
2687 5.73175903466638
2688 7.914491439218778
2689 1.303417013303865
2690 16.817031887900992
2691 4.9164504968282765
2692 2.061180593341406
2693 3.1222988024312195
2694 4.4762875478035955
2695 4.742933687569518
2696 12.978481664786312
2697 1.351450224095092
2698 5.059606407117409
2699 6.5735481518099
2700 1.5700959791783615
2701 3.4501268607799696
2702 0.5225923525153026
2703 7.564134972815309
2704 3.363301988544565
2705 4.038566202581576
2706 11.035949776321521
2707 2.3616075787179813
2708 3.4567471248726824
2709 7.816489149059036
2710 2.9729654441098816
2711 2.8517701426431894
2712 4.446052237316236
2713 9.408503281700218
2714 2.5250447626151797
2715 3.0777410623990797
2716 4.047835425328656
2717 2.4969204036303085
2718 3.3008406189766366
2719 2.3571182453827215
2720 5.529015335635302
2721 7.568935712934384
2722 28.70916624298988
2723 7.155001385187174
2724 3.453609971488647
2725 4.656222238152646
2726 1.6297185105797287
2727 16.161691243340563
2728 5.532350169435241
2729 2.0616054847910306
2730 4.989655046042344
2731 6.434663786438023
2732 4.314205805670898
2733 3.983613941691884
2734 7.939958210771377
2735 4.340325510826531
2736 10.71059345333538
2737 7.740232601106644
2738 1.509709489750649
2739 22.22514402794352
2740 4.86886368862745
2741 12.155725537427552
2742 1.4815950980011354
2743 2.4194854858736212
2744 2.19172700730073
2745 2.782257501561349
2746 6.535767368340704
2747 6.181629833267225
2748 2.4369937384520113
2749 2.1191421069605614
2750 7.247191006601369
2751 10.811362364329296
2752 7.148154133051202
2753 6.334822038525095
2754 3.9839953812878246
2755 4.102277520735927
2756 2.1393058166184553
2757 4.758890797147564
2758 2.4841325086949415
2759 4.387127675489329
2760 6.133483614762961
2761 2.8516821731564885
2762 10.464548747203377
2763 3.201313880501885
2764 1.7567937730004233
2765 5.956446516520097
2766 3.440036167033186
2767 3.178229828668324
2768 2.0293030485309416
2769 12.51203262250899
2770 4.299164329604952
2771 10.958420164009308
2772 1.1978151688261953
2773 1.4067196806194884
2774 2.2170340149004124
2775 5.821462825987286
2776 13.335754175926029
2777 2.8284507706966764
2778 2.1233877272432204
2779 1.7063906832125488
2780 11.083589997443214
2781 8.710947138906826
2782 2.988620766370297
2783 3.819923350618473
2784 1.2910881684742288
2785 10.390882645237816
2786 30.918281878207498
2787 5.12907137413062
2788 3.7055975060774955
2789 1.8773274628851462
2790 1.581367896942977
2791 3.7025842566584806
2792 2.600336493312656
2793 1.9688805390298882
2794 3.364949722442251
2795 7.238394692044155
2796 5.230601998315103
2797 6.308265987540941
2798 8.005993722906867
2799 2.6780499633524077
2800 9.652767036959604
2801 1.8462512156155615
2802 1.462329012613695
2803 9.647032681056398
2804 9.081506955376732
2805 11.024148333003799
2806 1.946331719219905
2807 3.0670110247133566
2808 7.523092775578426
2809 16.411997542912577
2810 7.570381252176433
2811 1.8240925354577653
2812 2.930366630138936
2813 8.673581997903389
2814 5.238118731805063
2815 5.409872133686668
2816 1.0212937145760437
2817 7.061588278091424
2818 5.437258814282221
2819 2.9337797543953146
2820 3.0673571407497673
2821 1.0379251148142479
2822 1.6169584249519928
2823 1.3814184816458315
2824 15.585398206054691
2825 6.400048771742848
2826 9.191223164735494
2827 1.7516376625807961
2828 3.3226562191709945
2829 7.037908864794921
2830 3.9177640177877704
2831 1.85018880146601
2832 1.4568290153881875
2833 4.4397360166874895
2834 6.074776038523923
2835 2.407508551467813
2836 8.713332772124424
2837 2.414487463955659
2838 0.15557693438886086
2839 11.14481566157051
2840 3.4844055334152526
2841 7.132451307071859
2842 3.420272646717077
2843 3.5805320040970403
2844 3.1512772382301724
2845 0.7281904851409059
2846 3.6666037201566763
2847 6.216078828797617
2848 0.8118517534402663
2849 12.357051870709428
2850 0.7209393844941296
2851 4.644457928233396
2852 5.11817360041313
2853 4.1345280639416595
2854 3.466236730787963
2855 1.8321587669553068
2856 1.914705352660256
2857 9.768582952665156
2858 4.461226491879082
2859 14.004190868844969
2860 3.323507160558742
2861 1.9341163332269422
2862 0.46915209686241466
2863 7.128543259521298
2864 1.1697502591299413
2865 1.1755710098377181
2866 1.501178289679434
2867 0.7369132662091452
2868 1.0404550846630076
2869 4.537451985030397
2870 11.779957204540539
2871 1.375048052511955
2872 7.689348453464777
2873 8.93141453612937
2874 9.197151842755156
2875 10.932319919550089
2876 6.6733617337949465
2877 4.698846639400138
2878 5.8809825296302
2879 5.296312187729743
2880 2.9894842845371135
2881 1.6852522467063753
2882 1.5841413302021243
2883 1.6753457401109682
2884 12.657846887395287
2885 1.0276699299911547
2886 3.0698213742423333
2887 4.334597344319753
2888 2.166543643850088
2889 3.898660586984061
2890 11.300531622646938
2891 7.264115694132618
2892 21.103025477442397
2893 4.851961525287495
2894 2.7515025453761224
2895 4.961600890196675
2896 3.4633488112300803
2897 1.1590161918013349
2898 11.721011125676595
2899 3.252120864825873
2900 3.0013778448577053
2901 12.866785241574009
2902 1.4616274109551248
2903 1.8109586688135975
2904 4.445830667097061
2905 2.869912225357196
2906 2.9341899320734215
2907 4.692073983675739
2908 2.215937811306114
2909 1.260994429064089
2910 3.0135797758563783
2911 13.895652770394364
2912 16.651116049076304
2913 3.1476236588402156
2914 9.919287148736135
2915 3.447145848667446
2916 8.669731584774953
2917 1.6510184623364692
2918 7.990600553271127
2919 1.9802595002723142
2920 4.366406960032607
2921 1.6055932314353218
2922 7.145716406441554
2923 2.6093043586229916
2924 8.646345576585293
2925 3.1257290608291757
2926 1.511699049672458
2927 4.338713105836289
2928 1.7805398724195927
2929 9.395989117862305
2930 4.837415606960079
2931 2.7510332408971228
2932 1.8254077226642118
2933 35.46366504253985
2934 1.7341440453417043
2935 6.730495585815274
2936 2.246369006354397
2937 6.751243935779611
2938 3.597659181648147
2939 3.3027712623634966
2940 6.785821446885867
2941 5.437709150000225
2942 3.1869118155341893
2943 5.393956071215826
2944 2.226898754316581
2945 4.3013614514458425
2946 1.0198872279956974
2947 4.0791526656366495
2948 3.799566476256712
2949 0.7363150405666551
2950 3.521394886795673
2951 3.333120058517169
2952 19.26624414217378
2953 1.8861382497381798
2954 7.777160710294352
2955 4.944039079955188
2956 1.6933346078395883
2957 9.354915844258741
2958 2.4948932642969277
2959 4.827206187730125
2960 7.857301537918132
2961 7.27053793253553
2962 2.372623061500866
2963 2.6454903025092764
2964 8.961855545199663
2965 0.7535257898018632
2966 3.724879947534666
2967 2.0596883261906416
2968 5.03569537616304
2969 0.7957303706513451
2970 2.382542969082657
2971 36.370862112633304
2972 1.8797782613942475
2973 6.317879597670665
2974 10.036773410781695
2975 3.074191341175983
2976 1.7365501860339965
2977 6.6177838467771855
2978 4.10789419618979
2979 1.0889001765511472
2980 0.18429341988384776
2981 2.642160835342681
2982 6.020450527618312
2983 4.843747632329228
2984 6.463080496746164
2985 0.5492693589864165
2986 3.6917666436720555
2987 1.7174805712234003
2988 2.812679454857428
2989 6.107298750132668
2990 0.8067264288381517
2991 2.9843329111781567
2992 2.455939560435894
2993 3.8023251611661744
2994 5.9070472294323455
2995 9.13621067346066
2996 2.339503127391554
2997 7.006917548914336
2998 6.964997921080604
2999 3.3998148082903867
3000 5.936129243453352
3001 6.558866554830869
3002 8.368829992808337
3003 1.4148166703201472
3004 4.128303209908955
3005 5.534260867110303
3006 3.3510390310674123
3007 6.508871486385256
3008 5.3546534814149345
3009 3.9300666661968853
3010 0.8547826910981923
3011 27.132877107993423
3012 3.057896056833532
3013 3.2189665108363728
3014 26.579297513109065
3015 8.845383752711145
3016 3.2508962125769556
3017 1.3191094964492847
3018 0.9527506353707936
3019 6.766267986204613
3020 3.118245598699167
3021 2.613773173047732
3022 4.837883188745854
3023 5.059042378237957
3024 4.429001596261429
3025 4.1331171043190515
3026 5.134292941798393
3027 1.7713321856186728
3028 6.093763352066463
3029 4.7933487367647
3030 2.2097422584752997
3031 3.2789995988018634
3032 5.44912675864603
3033 13.978490327671159
3034 3.8475341551351647
3035 7.708163196650427
3036 3.292982560901028
3037 4.104529562696164
3038 8.160497115921292
3039 3.4193201116721865
3040 3.089042053457567
3041 1.63067069937738
3042 15.436198838952095
3043 4.36534632539821
3044 9.309356422653241
3045 3.2656555277093826
3046 9.55903774289578
3047 5.8365925571399
3048 0.5012206680934781
3049 1.4955327559509601
3050 1.9467591943585956
3051 0.20196054231873403
3052 1.1759861738110333
3053 4.867771806388843
3054 8.893550823793653
3055 2.1097203851528055
3056 5.835369837873249
3057 2.989244407875519
3058 5.799967700222434
3059 1.806853996284817
3060 10.265410246875184
3061 1.8499629878684356
3062 10.073850578843818
3063 1.5888735666622027
3064 2.497957350418857
3065 3.4743935023518504
3066 2.6188734627779313
3067 1.9748138544224842
3068 5.197223347228522
3069 16.4912247043354
3070 2.6780315492311373
3071 4.102551371407568
3072 3.2463439371988057
3073 6.064271951540246
3074 3.6278066334780936
3075 2.8242095301210215
3076 18.63141512477553
3077 6.144768906372238
3078 4.925457548060937
3079 4.709101422161063
3080 6.50122472735864
3081 0.7543485103202375
3082 2.908986112612883
3083 16.329821924724946
3084 5.489244896048969
3085 2.001051146452699
3086 6.349617549250792
3087 6.2061456957589325
3088 10.708165946231048
3089 1.3540820755055685
3090 1.7666680820857166
3091 10.390126323864548
3092 4.322774750341908
3093 4.094887533614132
3094 1.7699096590886694
3095 0.9332529865688961
3096 1.1436152799886494
3097 6.006591548131945
3098 6.212881565027793
3099 2.743864675113323
3100 1.4347867774670262
3101 8.845679850691752
3102 2.734083538642658
3103 22.1756665791921
3104 5.348733773427251
3105 1.646441916084465
3106 6.359693300758768
3107 9.575371538892123
3108 3.5624358826198352
3109 1.0407068891000866
3110 1.3603435272780717
3111 3.8789798750052955
3112 3.8968171423763653
3113 2.105621783304374
3114 4.304381408377436
3115 3.337295463426113
3116 2.822434448641479
3117 4.057309184432617
3118 1.8470577043106355
3119 2.7779943409607135
3120 22.611567787474126
3121 15.600934485986908
3122 5.70798894740573
3123 3.2227972518579624
3124 2.157810741653013
3125 3.076822841942062
3126 4.877639507204095
3127 0.7230262694452885
3128 10.204495424765776
3129 1.7397897153045057
3130 1.258379099991306
3131 4.877034080081437
3132 1.8594826518582115
3133 0.7848417319352493
3134 12.724130378151328
3135 11.396751548991569
3136 2.8872210619210708
3137 2.1047971935414367
3138 1.645789669906553
3139 9.198560075992539
3140 1.3641602370576902
3141 5.048953127935866
3142 3.5454374447505423
3143 5.641046081168756
3144 4.7545980209885546
3145 0.6773929590379909
3146 2.0232542203242425
3147 1.8941135871474912
3148 3.281396059305986
3149 2.2945569698694293
3150 2.751518501592655
3151 2.4011617304056987
3152 1.5931650386480039
3153 12.011009643763686
3154 5.462102675571959
3155 5.18629662561663
3156 2.4233582068731385
3157 4.075902797653147
3158 1.4080016567094782
3159 1.2980339931765084
3160 3.8881662349924326
3161 5.844505939622637
3162 0.9376764399667915
3163 4.519075997505594
3164 9.087081459608726
3165 2.7287121666155825
3166 5.404007291295571
3167 12.187155761678824
3168 3.485889374021704
3169 3.7172160230881572
3170 3.2921542560357073
3171 2.5209302008897967
3172 5.422976830284988
3173 5.1297930688520275
3174 1.235447815749309
3175 2.5811912838359667
3176 20.80780814068519
3177 2.888522488779741
3178 1.3657634728543102
3179 5.076337527045502
3180 2.3046894401878575
3181 10.490219285849044
3182 3.7070102095834967
3183 6.2539367584752865
3184 2.1788787917258863
3185 2.3203809799713966
3186 9.54940329684661
3187 9.9881895057992
3188 4.678794852515821
3189 10.175031771195936
3190 2.7033212179299024
3191 9.119358689257123
3192 4.3287539634147585
3193 1.3139187694334382
3194 0.938955003022945
3195 2.900692557365701
3196 2.8257785866072047
3197 2.756781086738129
3198 5.858692371058233
3199 4.865076868883198
3200 1.7665859650013924
3201 6.82457603622639
3202 2.057680911506977
3203 10.725583187105748
3204 5.081159052511807
3205 4.433823368737476
3206 2.842722802213741
3207 6.303334990588997
3208 5.034760147658216
3209 1.8931393754466663
3210 1.6512378098745548
3211 29.898494331939784
3212 6.137250741661861
3213 1.752538575062457
3214 3.7310647882051327
3215 1.4265719907819308
3216 1.758235138544458
3217 2.28279239357689
3218 5.325087202986562
3219 3.2571051784508582
3220 6.45060620683495
3221 2.3646468745420863
3222 2.4225123131794306
3223 12.180255545101712
3224 13.022600997721188
3225 2.1185698921723786
3226 2.3728269016774357
3227 1.2031385535249937
3228 10.103073209560915
3229 6.832214359454294
3230 1.9794740859130082
3231 17.6191547917484
3232 2.8768229431919936
3233 2.0616149066131406
3234 9.007229720093378
3235 0.6821481101982635
3236 2.045667086275998
3237 13.141519772638253
3238 4.340668942184167
3239 6.3744091631223645
3240 1.9671649364496808
3241 2.529465958069725
3242 1.070564575600671
3243 2.1868125169794053
3244 2.212564110199276
3245 4.750076865775212
3246 4.009794528604463
3247 6.931107601890191
3248 9.120503353782953
3249 1.0897697642146031
3250 3.4775620768145488
3251 8.90097357943806
3252 3.5338623159321494
3253 4.005696624091795
3254 16.24345060341388
3255 3.51594836564029
3256 7.284594971122299
3257 4.373107540486854
3258 5.609670496967897
3259 5.474335954558863
3260 6.3028540147894025
3261 9.563280796887256
3262 3.8183930646499618
3263 8.547448859021845
3264 5.254487764524918
3265 15.751765190487307
3266 5.12209409520875
3267 2.7366206523880408
3268 4.018180739464391
3269 1.8922522110833488
3270 13.99730408260349
3271 8.521447866160438
3272 1.3965475566438907
3273 2.225290926164793
3274 4.744513744849568
3275 12.23143553534204
3276 0.5177194178999932
3277 3.7151823294502235
3278 5.7625782627027045
3279 3.1739475183528856
3280 0.9566341982542634
3281 1.64973115765869
3282 3.176471244782908
3283 1.0237313288634888
3284 1.1623047752285902
3285 2.036364875849603
3286 5.569517005055223
3287 3.7053855334692702
3288 4.605682041774058
3289 10.587386377858456
3290 5.1235336993935325
3291 9.746220113397245
3292 2.166391555502398
3293 1.2774729628912505
3294 19.412446304818314
3295 10.482347256404557
3296 5.1395435572145445
3297 8.872133113479398
3298 5.431223279195237
3299 7.792158615682879
3300 2.6301746830090926
3301 0.9695642879772044
3302 20.93022656954511
3303 0.9460842115765884
3304 4.6460664166328085
3305 4.632529021341383
3306 2.7028259961048544
3307 10.751614320750923
3308 2.674827026304651
3309 2.6600166109687104
3310 5.287060731046907
3311 2.2592241072606902
3312 11.505338465547245
3313 14.96234354554722
3314 2.183861791822458
3315 3.2038036831382946
3316 1.696335008901202
3317 12.952500298059753
3318 13.739158497843357
3319 13.217213178298524
3320 3.155410315850678
3321 16.656381094165166
3322 3.7513492945981852
3323 4.879895793187515
3324 2.572193277448796
3325 3.176146142794872
3326 1.7268216564004597
3327 6.323357880338406
3328 18.078159568136492
3329 3.5277823306492713
3330 2.0080676161196704
3331 2.9619123673924594
3332 4.156007656357812
3333 8.683430042067194
3334 2.313969367879985
3335 4.679656568364726
3336 6.666878684320098
3337 7.251016329457321
3338 7.587274035705067
3339 2.7885289484673224
3340 7.163245133160881
3341 4.146550888003648
3342 2.4356212276716573
3343 1.4299236312045929
3344 3.8854154859594687
3345 1.8006525891562788
3346 3.635758620623598
3347 5.367839395643384
3348 1.2541698356528508
3349 9.765354707756236
3350 3.065689868326485
3351 3.7343441325142117
3352 5.541489431354634
3353 3.186005151835184
3354 0.7198046947498588
3355 2.7661404383595762
3356 8.591302407179816
3357 3.2115723936858998
3358 5.071294557699778
3359 2.570270549210073
3360 6.242901355559075
3361 0.5920948433205148
3362 3.807570641075439
3363 2.13613284105736
3364 4.660462536175747
3365 3.519560130645247
3366 4.423057065786137
3367 4.455628533070577
3368 3.413045193917013
3369 0.7612125445747777
3370 5.147313901108066
3371 12.390358162186084
3372 2.787043210520816
3373 9.006866734648645
3374 12.04145350574273
3375 2.4309760902008053
3376 1.7274089113394338
3377 3.375589811545347
3378 3.0558375327398744
3379 2.1124131893645712
3380 8.892097169133239
3381 3.519225029462236
3382 0.6828762367672211
3383 0.4637610535992958
3384 3.186198130084286
3385 1.7045842690045834
3386 4.128418158440106
3387 1.5879193991880265
3388 2.4663126791868875
3389 1.7064015113785262
3390 5.851368961229255
3391 8.532050853839777
3392 3.116127175453588
3393 4.1433540733829926
3394 5.182050698197854
3395 16.91248162974617
3396 4.921037487885164
3397 9.641329882002525
3398 9.048183114531373
3399 4.120543603391596
3400 3.8981363548763457
3401 2.2437867196672716
3402 3.0577911415017094
3403 2.7911325614052105
3404 1.5807701330126793
3405 4.743071037568735
3406 1.297172112593766
3407 2.892193786514989
3408 2.8267377351115863
3409 4.122644719922797
3410 4.935020999741456
3411 1.3067465372147586
3412 3.839238146360006
3413 25.621458567124222
3414 3.271834663503383
3415 4.941003527383928
3416 4.53880671564553
3417 1.731082348697376
3418 5.486618343384553
3419 6.806428324863658
3420 2.108166128838473
3421 5.096634818775652
3422 3.944055627919731
3423 2.3780423632456
3424 3.688847065882306
3425 3.7270435838543663
3426 5.738942161460375
3427 1.6971028327248443
3428 8.684449816999354
3429 1.9719912346994322
3430 2.6298253769591287
3431 5.341664613442982
3432 1.263430439820903
3433 6.972643573952191
3434 3.748143278364155
3435 5.7762163823822625
3436 3.6804602149092496
3437 7.5553847204497515
3438 1.4228848680030044
3439 3.3466005857853736
3440 2.39424166517782
3441 2.5112180845981613
3442 0.9280268356803905
3443 8.325580133580916
3444 2.4264713148265806
3445 1.9257907405556847
3446 13.614610144412108
3447 1.8081967578688627
3448 6.828966707742753
3449 14.310345847718253
3450 5.311060759540241
3451 6.3809573572116065
3452 1.7658456243050495
3453 5.8261839832893
3454 1.5622898396408873
3455 5.537654185930974
3456 2.616830992676414
3457 10.452368128858028
3458 7.193814188815884
3459 2.408500808363658
3460 1.4074126076656355
3461 2.660744565648537
3462 0.7637356024265756
3463 0.4474807085377878
3464 1.6146252379522044
3465 2.628885785022813
3466 6.934814934533384
3467 2.476629886795252
3468 0.22824217884508974
3469 1.9817069531394471
3470 3.8845337633915036
3471 4.304208280211163
3472 6.638500025696572
3473 5.196286225531483
3474 3.8868812229191336
3475 2.666918608020014
3476 5.111739623945656
3477 4.523190556282397
3478 1.066533441456814
3479 1.9695957887117177
3480 4.179612899676353
3481 0.5106589678139344
3482 6.445084437955151
3483 5.1239059115374985
3484 1.9724911681818378
3485 7.664832201486084
3486 2.3195176986765507
3487 1.360841105980105
3488 2.3257760598256434
3489 4.656206740436586
3490 5.6788525970314465
3491 0.5723845723056159
3492 2.974985974663375
3493 1.8612440872947746
3494 6.1656920316396615
3495 5.069792940089257
3496 1.015456437110762
3497 1.4334382181435779
3498 4.352677895883493
3499 9.509879399860056
3500 1.430762566243291
3501 4.179932119106251
3502 7.567555489589514
3503 4.499625678371306
3504 4.898700813187898
3505 4.854437940868118
3506 3.1143894228745124
3507 2.591347013746731
3508 6.53508095988403
3509 21.232043214467215
3510 2.1924102799277896
3511 2.2734349084643037
3512 2.256790054828073
3513 0.7349665412821713
3514 9.811514008617749
3515 3.8458678305271126
3516 1.2367286020605317
3517 4.027120377175441
3518 9.138149937484597
3519 4.581902394615178
3520 11.162495066286528
3521 1.2845416096871414
3522 2.99495530157786
3523 3.6485619145577854
3524 1.846376875934896
3525 5.409896582668327
3526 1.9196238868139517
3527 5.666344311167402
3528 8.600723608349618
3529 6.247553478853888
3530 3.8387374581050047
3531 5.337015851904646
3532 1.0674582990436718
3533 2.205898386859511
