42
35
18
73
71
18
52
28
25
40
13
65
52
68
40
77
41
35
31
12
17
18
38
48
32
61
16
64
59
63
72
30
28
34
74
38
75
56
43
60
77
33
44
50
50
13
12
51
32
80
68
21
59
36
60
75
47
74
21
32
52
34
68
10
11
76
79
42
69
76
11
35
42
19
11
23
24
33
20
61
65
69
28
41
63
80
33
20
20
55
77
34
66
54
74
72
79
35
51
30
71
24
46
41
79
15
73
76
64
75
11
54
14
20
70
20
49
26
46
40
37
19
61
17
48
69
36
18
38
71
79
22
28
60
24
26
64
40
35
11
46
14
72
47
39
21
70
47
34
33
45
12
47
55
59
69
15
26
42
10
47
60
38
34
28
61
33
78
15
40
57
60
57
10
80
59
18
20
46
67
36
49
50
24
67
41
21
66
57
13
39
64
52
19
17
14
18
43
19
73
20
33
15
28
45
10
53
36
37
34
15
28
72
19
76
24
44
63
33
26
49
49
45
57
72
38
33
50
16
25
72
29
26
36
68
73
28
33
79
67
44
80
66
19
19
34
72
29
66
70
43
38
80
79
77
77
53
64
35
17
39
24
68
34
51
68
22
73
23
23
34
27
57
35
75
56
35
39
54
57
10
78
69
48
26
52
13
71
13
42
38
76
35
57
24
36
42
75
35
45
48
71
78
77
22
59
60
17
68
53
41
54
35
35
57
74
46
55
10
57
41
62
62
32
21
73
28
51
16
75
56
77
49
51
15
21
28
26
38
61
64
22
50
38
16
29
25
64
16
35
16
52
12
70
52
43
15
17
29
27
63
14
29
46
46
54
77
19
22
26
27
62
42
35
28
28
43
77
62
34
25
11
49
74
15
13
27
58
34
50
42
52
57
53
45
39
54
25
68
17
21
77
45
41
19
38
64
40
63
57
44
73
20
70
56
71
69
52
75
22
26
47
16
74
17
66
50
75
22
53
77
34
45
54
39
13
12
50
33
22
21
56
59
57
18
18
53
59
48
61
72
24
78
25
39
39
32
73
62
30
37
14
50
16
38
46
26
67
40
17
25
63
78
22
54
76
37
14
60
57
42
58
36
12
68
74
57
35
47
19
27
63
47
67
77
52
19
71
25
10
