49
28
56
37
39
42
47
75
24
77
22
11
68
62
56
73
12
69
17
10
11
65
34
50
69
18
32
17
76
76
52
70
57
29
75
34
63
64
55
72
68
10
29
10
73
18
78
13
71
28
80
51
11
15
31
80
50
27
77
72
15
77
55
54
11
39
27
72
26
35
26
15
44
45
27
72
75
16
49
62
48
40
50
36
66
28
34
29
79
39
15
21
66
23
52
49
70
75
72
26
17
42
48
62
42
57
34
72
20
74
57
25
34
51
15
53
51
52
61
55
32
73
77
23
34
73
59
73
39
13
15
56
54
34
68
19
78
64
67
28
68
67
51
62
45
80
65
48
55
34
60
36
67
75
69
27
79
31
25
74
79
13
16
38
12
28
32
46
29
13
74
30
25
12
46
49
28
72
75
39
24
62
48
60
62
64
78
49
76
57
37
69
64
21
21
61
50
41
30
17
54
63
73
23
49
71
62
74
72
47
62
44
48
11
43
73
34
57
52
36
43
28
43
76
12
55
49
71
46
20
79
23
29
20
80
26
16
47
44
13
54
21
46
10
73
42
61
22
71
71
79
76
69
31
59
41
13
62
46
14
16
54
55
80
44
43
43
56
16
28
11
27
60
12
42
25
46
31
52
67
49
54
35
47
29
14
34
53
12
59
29
52
50
19
46
65
44
79
50
60
66
34
51
60
40
38
70
36
56
65
31
13
57
23
80
36
13
65
55
59
29
65
17
59
22
75
71
66
47
74
48
56
42
11
40
61
80
46
76
62
49
22
17
20
42
67
19
60
38
60
70
77
80
26
27
54
23
25
75
29
72
47
56
61
32
47
67
47
57
53
77
48
43
60
27
34
22
61
11
68
51
17
25
53
41
31
77
54
69
31
78
45
64
15
19
22
54
18
79
36
60
78
21
12
57
55
80
73
14
24
74
77
70
25
80
77
72
27
43
76
36
38
25
59
42
66
26
29
56
13
22
46
35
67
67
44
35
26
50
13
36
45
12
32
41
30
39
24
48
31
14
68
13
65
77
17
23
77
25
27
54
50
55
22
71
37
19
18
69
60
28
13
34
69
58
24
53
49
63
53
60
61
77
47
18
58
38
10
26
66
33
35
66
75
56
55
44
79
39
24
