1.075157352843573
1.57695519577051
1.0330710788079873
1.1856278193981922
1.713597134702141
1.0072171856432561
1.872324429474034
1.1042421469209742
2.202461839469038
1.6359347308128491
1.0563237413451958
1.244850414014195
1.5297459629634602
1.4674719517910262
1.0926556174667326
1.124631669988588
1.2016398474535208
1.981779121876741
1.2033237015377551
1.9724100881182949
1.8833180238767113
1.4697136530553507
1.7037835751750663
1.232155079010056
1.1786811661414731
1.0554577089025088
1.421523208150802
2.0527668865843225
1.0310093022642945
1.3105402591102688
1.775769923714165
2.05890808065368
1.0653982257789494
2.0304324572792893
1.2084221522310372
1.8245724673585642
1.3609855913063598
1.1545811910024781
1.3837328173787
1.1564295978789687
1.228530328138845
1.2176409344829153
2.127634219877905
1.169630761266717
2.022388934120613
1.086319127855063
1.7475416060606221
1.4434774475049608
1.9378138905572087
1.4061542460786995
1.3517983370829825
4.700965686827317
1.0870877433998203
1.6818581839637545
1.9181335916805438
1.0764114968851572
1.431447094854775
1.3420047420048604
1.9616680404817544
1.728443843365767
1.3048167973696536
1.1690808419803034
1.0760897664301865
1.7190657479304718
1.0130253702330947
1.156091808638962
1.1657999553481204
1.0223356521040614
1.154761125715936
1.1865042820672898
1.139376943383354
1.9871759420639137
1.800593667074736
1.787020319957719
1.20289897906855
2.17555712718638
1.250479860691712
1.6640983204307531
1.3324984066638308
1.9435730818823913
1.2340528655596472
2.208856269210173
1.7164928038006337
3.7149400307409906
1.1359250501989209
1.4750915165004699
1.3562342943582735
1.1834681348227605
3.052869607534376
1.016145617620623
1.1064870510329001
1.1935842500176932
2.053138998118129
1.6554859093100731
1.7029711017057707
1.5776802651018897
1.9263263219384044
2.6911985800506955
1.2880651984169162
1.3574177821474223
1.0157852452450697
1.5103268707371171
1.7676130735003426
2.0908762268434202
1.261618051075402
1.2561420534700574
1.388431852884196
2.168600398600347
1.4068638046146589
1.9828469955107266
1.654965102993856
1.2248047037505785
1.0802017552487087
1.2950296974661342
2.3187713665943193
2.5990985200703562
1.1150097698061927
1.5848447406417563
1.2620983518095272
1.2498569865731497
1.09672639063524
1.1079200882995792
1.2666790287676122
1.8055951763046778
1.4105415651254134
1.2759982628438138
1.1694528073171568
1.0829492004595522
1.09992925297297
1.1938765883367068
2.283464363282519
1.4362547112625634
