2.1074968578302924
1.5845050319198908
2.0850658276991734
1.019946389623687
1.1637732538236314
1.1298530064892987
1.2677973449008846
2.289608938355734
1.525977366904911
1.0438321662761751
1.1316256625818255
1.1628292417826174
1.5951478863394613
1.2125508805543177
1.1137589404817732
1.2829545002312557
1.2181755620278523
1.567505537133144
1.9700340705690564
1.194262148616133
1.683916285376995
1.5732766499669992
1.661550391663468
1.5742838890476776
1.3860270039635338
2.283419826272393
1.2317995874414294
1.0514656967024507
1.0982887089895712
1.2137679905297887
1.3386728778776842
1.1125731285177949
1.2605806035308547
3.3691390816402986
1.0142643306667765
1.864938882192348
1.0473348144932402
1.049388390081674
1.4991605008719375
1.9293425250452856
1.650294288917678
1.152311797191146
1.237949626091563
1.2478896795512924
1.2266793592361864
1.17634060592178
1.033784181405906
1.5123977809038252
1.2408868692613737
1.361781923193007
1.190206349077016
1.4277949620840218
1.079841607704111
1.036374193585857
2.4470795851217417
1.4192754969893713
1.3211858094532545
1.1207392305278745
1.6196622289450033
1.141809044725278
1.0721116127239156
1.701462056191417
1.53043352875261
1.5292051350123756
2.2458779517988887
1.0576615965363771
2.0694182183493695
1.387350936932421
1.027106725935937
1.5090368085044474
1.0248778994704253
1.2503608746211512
1.849419495564689
2.0255425660066066
1.9108168683322901
1.0126515371874802
2.399548424519594
1.2571977758829007
1.081561953361529
1.8260403680565105
1.228600051108515
1.1792901781775527
2.2526719750372877
1.460695921672368
1.3904339757998514
1.4385428241089357
1.032013267641787
1.0261559613284135
2.698191150220964
1.815263653934835
1.9399181170479096
1.0115315062882928
1.8106836392048535
2.0551617648991396
2.595398667389645
1.2259694775066237
1.569784065706017
1.3885011800455231
1.3915073844666495
1.1645276558097066
1.4329498213046463
2.3429446753618777
1.1819792274877727
1.1420106151115306
