3.84537528526025
9.538967967000698
5.525297051245005
10.763634931520656
6.017427722079518
7.165336744499697
12.678037797429823
3.6397518486894853
6.92377236943932
7.082959852023265
3.517719275130929
5.122627614728884
6.224907026934773
8.126190685272718
14.968976081451586
4.744348421360058
3.810479442002304
6.115798094944211
7.751037620892305
3.664202653981704
3.2924203687143176
5.499593747580036
5.032274237985405
3.936167968500513
11.452640673200449
5.0426926444426385
6.626213051029765
5.949895594980603
12.979320317896622
15.267117701322661
8.913332609564065
21.378490034210472
23.550927518460583
6.164243817662793
3.109591058572505
5.172387153905447
7.707520634920627
12.146282402792735
4.647935051962918
6.278502683607144
5.190118602554662
9.902527245626857
15.261154855857399
3.4665239750715955
14.191477510769005
4.9384077146326035
9.039352987605639
5.233545014842775
18.253899601896023
3.6103559330488224
11.068739711075523
5.519212386553477
4.978500323668527
3.3928649674353437
10.153275841112304
16.44734645767005
5.428885012275941
13.019238660983888
6.737209327090909
6.522436449618112
6.567414139820812
9.51822397766648
9.987603156517707
10.62688243308071
4.873734296644329
3.5810833299761953
8.196367427870086
22.02631152332924
20.787580795210033
4.223750946993732
6.0650879943787
3.2899234489518676
5.953013606092554
6.205031078750153
14.568662421923136
4.158053432875931
12.12344135144508
4.212849936425755
3.5309650255046563
4.3649687433385225
3.7836617621637743
7.252676956020423
6.391799828321837
18.790136537481203
13.86405624248323
3.0272221861048365
18.090308412570494
5.005724149290472
3.2981303065478187
4.498246893490887
11.123254742103882
9.88373103922686
9.60465405897071
6.9025697665854295
4.90074639052159
3.0409304315003283
4.3248730031175455
23.177083170852256
9.857499879727357
6.821607903513495
14.35672030477076
8.665386477668335
10.494660812934171
9.411289144858756
3.914564708863736
4.496840898865003
8.740843494923183
18.524253120463072
14.140151285641423
13.516323202592048
10.466483047417114
6.845340429978478
5.5697088721701675
7.933861316901812
14.731489385424538
10.307034140892256
5.417773836130436
6.744119433371225
16.222260490589406
