7.285076074677022
4.957310598084991
13.668989536892592
3.6326769148592852
30.01425105815992
4.192564592893213
7.675175210308353
8.368055761470714
6.404948783048582
5.00848066091757
11.980121318079597
7.4203558644723415
6.278480714120633
5.7283319355200035
15.457274360927798
7.131368313881097
5.938903993444086
3.540746705082313
4.687302981647235
6.607871696411394
4.163251053387569
6.717786378462478
3.8772731691464912
11.68527480952298
7.165667650734804
3.36191510930405
10.634622738545858
10.51836947154078
9.415072730222448
3.4429145638550267
13.084893937212598
5.44487664626439
5.949123612889139
3.0596264253127856
4.2676428924417
4.021591345344575
7.750451652479228
6.3189516911658075
4.527062937348944
8.293351714412324
15.643058081620097
12.2341273887929
5.1858740184683825
8.904413845812485
4.231005201534742
9.599078224918173
8.55230843821613
18.561509976277478
3.857190710718214
3.0443813436190226
7.661302271715044
5.796663608979202
6.443082525271734
15.932401465644489
6.505410871971662
10.179042732934477
7.307443817474109
11.255740091724647
9.794771601285106
3.5307731358250294
7.673383745893943
3.0567195230174775
29.27037969746243
6.988909714832516
38.8695064837724
3.329805410575773
25.510959453687292
13.194299226638464
11.479803008724389
4.135550012480053
6.79148258734233
12.31371965331823
7.3707445508294995
8.18576963212638
4.976768712592502
4.835464815932596
4.875470075174803
6.882493436802747
4.716497849817301
7.502587299653328
4.090205090578934
6.577533754495562
5.4957365901325375
8.081239361781172
10.5567865897724
7.40412137036617
7.384097541829078
6.9986651558664335
9.796098519681436
5.4098892760866875
5.89382001799288
3.7864211851220944
9.957174283415043
14.042388761406869
7.501664177711859
10.343142335455013
4.443882006139347
3.0113848977921407
6.7046022777408325
8.213179207032226
3.4914428084557585
6.200530587462481
10.215998549596861
18.564811490186457
11.83991178502265
4.047628607580691
4.07770331507254
5.111577788191198
3.2741411929919195
14.75814255883347
6.314762601784878
