1.9737828514700855
1.0104767300217752
1.0489350206219612
1.635827172581216
2.6965291559155986
1.0218034749045444
1.4621866126384049
1.9961926500073304
1.4975612919469654
1.1615438980682313
1.0490190396478454
1.2864099950216996
1.0077825451829767
1.216735642283254
2.1408620256568156
1.2430195814392846
1.3597709480407048
1.1777154827168488
1.7164032635161846
1.3249560222104435
1.0823038851746105
1.5678253465496823
1.9002180941655524
1.0164489995217991
1.1180539772510087
1.1213949395904592
2.193951017635925
1.8373073754393658
1.169801757286848
1.2605403500004968
2.2782410764921224
1.1625607749278402
1.8604656977386185
1.0427613041896961
1.7634142005848616
1.2753678215418631
2.689109585573817
1.4341498160065385
1.3753741685580394
1.5843912578994264
1.3193042745806451
1.0524172870252642
2.3542376899982855
1.2447111006513296
1.1832305954909543
1.0932127923830421
1.0740278260425384
1.737795630717983
1.2469015926126303
1.3843328974256792
1.703441881218282
2.198439072474912
2.124307256023485
1.4802072657669214
3.5711971034392036
1.1150423677376011
1.7721614225868052
1.182040020247996
1.6433459603879328
1.2013202780880192
1.1156881992517356
1.082713286240164
1.1586082982991002
1.6797371233926697
1.1150131532029945
1.105783038574259
1.346150922810466
1.623084089956933
1.174344043378028
1.0030658370532137
1.9707590837024327
2.3650034072766175
1.1835617872332023
1.4492440401174917
2.2615034527020725
1.3595034868603761
1.126703162610852
1.5210641509504512
1.6360797083326588
1.7220056792746163
1.4072590050883491
1.2553097614808166
3.4115031262564344
1.9027680459408884
1.0583754509727896
1.6000267694321337
1.0427080380702591
1.1018619559069975
1.465208023868172
1.2700387015156593
1.7769636608286419
1.9892899753454003
1.8079510833949826
1.39638539431553
1.6317783380100082
1.321272159404316
1.105744461514405
2.268375337461066
1.126967186849015
1.0755760244981047
1.1236657791405378
1.209218591250874
1.2343643484139193
