1.225460851733808
1.1690419149561908
1.076728381036423
1.1297347249379186
1.3237414978563393
1.0879010693146256
1.3525536216504008
1.537863829720763
1.0845816505787127
1.07834369887631
2.3859724547520216
1.4259434211593458
1.6890702663719708
1.5518816369014417
1.5449933830150826
1.0469784098421258
1.2355945072162058
2.1660473277525227
1.2507577931508251
1.395359674078577
1.2313826319299608
1.5843500372286883
1.6158899493530612
1.0104532260550627
1.3150867027127333
1.1515937843702773
1.4683701723075728
1.6684620761387237
1.23405434855772
1.9224839252050288
1.4170307525043881
1.0379291295511166
1.0076200506794635
1.7708136422185135
1.3078341749375113
1.4241332129625448
1.2919205677025616
1.6712583318566203
1.7042411384737761
1.1759706126347282
1.1533852677980576
1.3805560746203582
1.0641955758771928
1.45690274208323
1.0755605862588027
1.2496229986485332
1.2019358530390036
1.4263793537969605
1.110465164432867
1.0284338813996783
1.326843896784112
1.201664357325626
1.1110291089354405
1.2582513267991544
1.2228489045074866
1.781388826018997
2.173232916536108
1.207636652609267
1.4800640645084968
1.9938491525864492
1.5957220761844155
1.2600199853553704
1.5607780106247446
2.158461072359728
1.1597996104902677
3.9913216170640453
3.597600036090398
2.138146372777328
1.545241486058103
1.2583370267942655
1.7343822263611628
1.1168069648387018
1.0951216856035444
1.6583803775598653
1.44729990656856
1.735580074937161
1.340979347432608
1.273393438477001
1.342957452322139
1.9457392421829809
1.1307298082399484
1.0456694020618897
1.28652013664896
2.617743447169346
1.2115746965293965
1.3689631112149527
1.3733807572791648
1.0957962502159262
1.6090776745814992
2.0101915655543507
1.1032209069982173
1.8449481732751565
1.0964109374848476
1.5397403163319723
1.185110663893738
2.1735854319415466
1.024517305117115
1.3911428793703635
1.3692636517760093
1.3357566874669828
2.074256798847273
3.2792327249235314
2.0603888701291453
3.2095013721020678
1.1927942077668376
1.020345971888446
1.0432512750244314
1.6677721180717526
1.989650569851392
1.377095760268503
1.2648951957660302
1.2638040941440067
1.3106038189539504
1.2081956688211903
1.5124715552897214
1.1372410787960234
1.9518546765023075
1.170919364938527
1.2456156470852875
1.0489727602869152
1.211371568702134
1.064610576316909
1.1846553600064453
1.026866683361959
2.1027913151249322
1.3281544225001198
2.0882700006222876
1.489463735542813
1.9371031293210308
1.6455416493561188
1.2044348031540721
1.7199008462775964
1.3358556546863838
1.2025519577859995
1.4183300087020143
2.0189548482489954
