4.861609933488779
1.1844777052629922
5.856708348304323
1.7586617165502503
1.0876047011150263
0.693450055328924
2.1332699563110964
0.5665218927563842
0.6469424297513342
0.264999129261696
1.8992247993160163
4.055515247056007
6.698923712049634
0.107296676674423
0.2804267527715183
1.8333837766151646
0.2373124946243479
0.06333411526145483
0.24302726843245637
1.0997499361632208
0.3909398356836391
0.687841183229807
3.2143081184959783
7.106721293238479
0.6674219349354189
2.4044395684011306
6.568440412184486
0.48106713909282917
3.6301082486304495
5.261747351412623
0.24348879368699272
3.7276422862862546
1.182168547233232
0.08010090089328514
1.0828593198348244
1.6835405196159172
4.4415817169833645
10.598510220156186
4.833307233337791
4.464517561039656
1.0532297479919634
1.5272925169017526
0.3938329122138384
