51.3669855339282
63.993212771767936
74.12398522192257
90.43839532954095
90.75828427310304
99.60062184254659
104.96432784717577
109.11473408515404
110.63257665252802
121.82816291662175
143.2525532184962
153.62387256062487
157.3324315894586
159.45173536415686
168.92908642824057
179.87006803677733
182.6052525087835
188.95958966312784
210.96468194503552
215.55684681020094
238.08022568642468
300.57386982835425
301.7513037928407
307.30221347282327
315.10563269161764
317.701213386174
350.27994613791134
352.46017716053115
356.0278867288044
357.93220530398105
359.1650096205382
369.12901242572144
375.26726515100285
381.1546495790882
381.7073546693485
385.5725584051115
412.72105668077984
443.3620292447667
461.54715334391034
504.35489361443484
510.1282946658134
515.2059120225374
518.7564317532957
521.994755718036
527.5147737650749
539.8873895638187
549.8644361260548
561.4250257164005
568.6055017198046
568.9463928970852
569.1951985238
570.0530894816964
599.5819424714167
600.918620310493
610.1117587681737
626.5060323167569
637.3705013179348
639.9643705466722
649.8069528701462
656.103193320144
670.3864236707113
697.1584427513376
714.402358970159
721.5770638140064
736.681368942924
736.6991040027248
737.6864859435707
741.0060560995979
743.3745272787411
765.3964239594774
771.5897811428864
775.6743829897136
786.3641403825823
799.0695323894427
799.6918581223858
806.020250895397
807.2819431191639
816.4618725023834
821.7083678413704
851.7113055636917
875.9942966669526
883.3389734647411
892.7391185772487
910.4932339359558
927.1696860505843
939.9195942338281
956.7626458728028
963.988521991341
972.0635873232535
974.7269753117603
975.322927223041
975.5632466957804
978.5968826997521
984.7098052852579
994.3586978108698
1001.0507018834752
1006.8800464055678
1021.1287022538193
1042.1033162881643
1047.2333151564364
1047.788367242817
1058.168763576757
1065.6407006147374
1070.06443615264
1072.4641676246986
1080.9086465199252
1084.761570343441
1089.0017658892712
1104.473459105237
1104.783970962816
1105.9409608196688
1113.14981736887
1117.2202825799438
1122.1854333170052
1126.445041471088
1128.8614256414933
1139.917171788832
1140.2757689823236
1148.011004618329
1162.4892751869736
1169.3740252081298
1171.768967581904
1173.639897310957
1175.7489164873416
1201.2062158181252
1217.9046774867627
1234.271034442185
1234.705038938196
1251.450479561752
1253.1163978361044
1261.551767258732
1266.7806594745075
1267.6312061107042
1287.6741396223701
1295.5642130270683
1299.9263456308875
1318.0887819643542
1333.1081132991612
1334.1655088938294
1334.8999691606741
1340.8514825155328
1342.6146243537003
1375.537875855861
1400.4053469428761
1424.6624902085518
1429.079967699625
1435.80235863587
1442.8215517177862
1447.3587347726682
1456.8345881176494
1462.2375486327446
