6.756988017531292
8.65432131674857
5.475321409934981
6.6056557969990735
20.11164154587039
7.504739281981983
10.476840502289825
14.058664532352338
22.82311413346811
13.538821488792877
13.372859874026744
7.801925846979344
6.553810421101076
5.248968005360609
9.474863919166523
5.3787848763423085
9.204115194718128
5.52158948945322
8.378394417393139
16.274630515670623
6.695147547154363
19.623016902661334
5.685409690850406
6.185594833976381
13.892815901752101
8.9515587763143
10.171289146348386
6.5522552839285595
5.242552205211155
7.0259280212510475
21.789063726067866
5.912881274838583
7.225777123067132
16.437622226996496
9.853391269099347
10.521377083165874
5.3004871329018215
9.994418834583144
6.154043791886011
8.239671481656671
11.813865396184553
5.737546635645515
5.681305239320636
5.955863291982041
5.599647459771859
6.389482904869283
6.485334457597446
6.6727975820135725
8.139977005492938
6.847202230022958
8.655219556786506
14.114834161877297
9.157447838400685
7.432476763028262
7.41214506436927
11.794344065713176
14.428734508468096
7.9904662870284255
7.594161614200289
9.265748589690133
6.795028166077941
5.727561466675411
5.360441035436111
10.468404485095789
7.877834017238911
7.504079093437781
5.420126279015562
9.752454064162634
7.031961899909675
8.038289118136845
12.676185641330903
8.597080044432005
11.769258732141111
7.103207312729637
14.11373465581255
11.408497586818044
16.085790236721778
12.571934159637522
13.071366428624742
7.506011200952571
7.360451095321196
10.323772466125092
5.492592168484862
5.5097325729627755
5.604598690069224
20.469040856094125
5.733286857783696
6.6394793442043465
5.926875831246434
8.592377201673116
9.54753569049808
8.272043186692372
5.079251996318362
