10.602768597884623
5.365661909497737
8.4536388490241
16.17956100208683
6.7595025137768445
9.91843063311314
6.917633657503771
7.801332510826711
13.766063357695089
15.708486369816342
10.05406176998872
25.410131029119725
5.532685453057724
32.19136539740222
11.262670909454982
11.926239313100638
17.960267493278764
7.036430709297974
7.455707280972149
12.68765264925679
9.293823511600351
7.486407752466732
5.527141476101519
5.411901700395276
8.30342754378114
17.750251595402176
5.063978938770674
8.050842723221592
8.920809640634559
7.334288532996368
7.187384224961647
5.5158357068095825
10.698028384342365
8.146879448837126
5.530896870384254
7.5902066680766325
6.039461446531618
14.165591626445917
29.130872532033266
12.319907226522673
17.01796083373563
14.768890245460739
7.168253897500222
13.536549143077423
6.7167089105794275
6.549479456906283
13.80373470589609
6.533097054933819
7.721493698149629
6.127169126196691
10.316545648489182
5.0360448698517075
9.233206737710702
6.754614127549189
8.187465687179383
12.550182602935138
6.990219425378314
10.936111688763276
11.49287763145685
5.753165047822449
13.992404581441178
5.038902875274857
6.195592589345665
10.629328857726023
5.0882990244246
6.114930601950277
7.868627144288098
5.094451189447909
7.084377696806996
25.424120658617653
7.448141092720789
14.077838027379471
6.253666113688041
7.0354940087042905
15.389615322755503
5.910000579865027
9.370255664640581
5.403584546837806
8.682927825328647
6.480817738847577
14.556082957032572
19.48209896670346
19.518306379455225
23.44482192444093
5.86423816664751
13.412375447860086
5.231406781541182
5.462940389074447
6.083164474066734
16.0980412996239
8.872005200125841
10.103309708520783
10.270508073738256
7.202701357368824
5.359573192957214
5.751055824650393
10.764129841453723
10.528234330450687
31.652583989952518
6.006685737711223
9.335718881727871
22.049984042006145
11.009289854529698
12.170535314828385
7.542732065441214
7.515214039812463
13.849653799143425
8.914729261770162
6.006695493913412
7.119097474599812
12.114723075807888
6.151759580279304
5.508259585920314
5.695713384563533
6.106667299487071
5.453289800674156
7.099972584894658
13.589469732867656
14.451522037933728
11.711549581691543
