1 8.58982730504186
2 24.94125306785965
3 14.063202069874311
4 22.989855892714242
5 7.67957919791437
6 5.2603065020824
7 22.462645601531225
8 23.63985325673509
9 6.383329029577909
10 6.553132078201847
11 9.52766818242596
12 18.211874517538824
13 5.171684243266297
14 55.52988041680384
15 4.1099731095547645
16 9.74232045181665
17 16.63819754805346
18 8.295675379507648
19 41.130299892482036
20 12.6530334231801
21 5.795382927617104
22 6.21499387875787
23 64.9775190402397
24 13.745216932500828
25 10.801036554760419
26 22.31650929121824
27 17.144989551338497
28 17.054906630922346
29 4.5894473382824055
30 9.000332451766745
31 2.579439212337222
32 13.770123657473535
33 25.48025868234075
34 4.369035581364734
35 136.87238445256244
36 6.365038157335393
37 24.417941431221884
38 5.953556422037964
39 26.83300756974431
40 14.268486622712913
41 12.589530822512282
42 50.432378875754246
43 52.835477627918344
44 27.539141441231866
45 8.935559746151226
46 9.598116662659661
47 46.26865310021893
48 7.937617174425305
49 7.66634007076994
50 7.2835471926302
51 32.394522749058325
52 13.163290912701855
53 16.565507676564508
54 9.890119381562444
55 21.72918270150358
56 9.034191880518561
57 18.145642642415243
58 10.229700702713052
59 4.39318353680683
60 14.579503748469126
61 22.974746251024932
62 4.191472564983901
63 23.372465795287933
64 40.51310471940955
65 3.649072414282216
66 16.42030278099634
67 23.20180852738274
68 7.58105209936252
69 17.153381468063436
70 4.1973606414745825
71 14.761630991031662
72 7.4539334344377375
73 20.543951141340443
74 11.74094056221805
75 4.851547235236387
76 8.657770214576065
77 15.492459228516136
78 5.763837922962056
79 13.590748116960913
80 8.166601464120522
81 2.8172878695083634
82 5.482550845890767
83 4.186693155558696
84 6.39637241615128
85 27.95859052748828
86 22.502184068019297
87 4.552054574583886
88 18.438653434809666
89 10.205183985278717
90 66.33642172725745
91 3.0788325086389983
92 14.564283126327053
93 2.426547787266212
94 17.607190619932833
95 14.87117397436236
96 12.590235997776851
97 19.50711188022785
98 5.886818844338143
99 12.274834603329952
100 6.071808177848459
101 5.787242698689308
102 24.261937694059338
103 3.8733065571091854
104 4.683768492311381
105 19.518292483112113
106 8.344349626474122
107 33.46476385726292
108 6.610651434380681
109 9.698220277615537
110 7.595117151199452
111 12.928424744493796
112 13.5460517375574
113 16.7464524706092
114 0.5739170231938703
115 12.738614390410621
116 16.093319036709016
117 21.091222191972175
118 37.05083737996118
119 8.640414506721907
120 8.869246635335475
121 35.92566724325063
122 8.329781253922738
123 9.551165631940721
124 33.8944169542575
125 16.88963437672646
126 8.314489212663604
127 28.935330312775523
128 18.958401576626656
129 35.95914962851801
130 47.085619604841874
131 2.537239073901516
132 22.935594266445253
133 3.5366821519698783
134 4.160908602654708
135 9.839185672292272
136 11.57380050331744
137 5.990464141588796
138 11.01454388765327
139 13.018671836232008
140 10.609340026841236
141 12.377707465872236
142 36.36168930634176
143 6.391048454246645
144 56.7748466088838
145 4.3417104842825704
146 2.969854330268051
147 8.304047118861348
148 7.186017014315431
149 4.943702308881236
150 16.58354267963686
151 4.790517435254312
152 20.257583690929017
153 9.496228607464756
154 15.648348390602292
155 5.749348301060085
156 13.817544381505058
157 5.72815161856486
158 19.25657338792958
159 9.772812329784653
160 3.205338500189339
161 7.181212095983864
162 3.5345852754822413
163 7.04033375902158
164 11.111625106894216
165 23.17239108440398
166 23.215935164896045
167 11.338562017108037
168 3.986436768898014
169 15.32828594496735
170 23.372125292893173
171 73.37395606793186
172 14.396553370927345
173 37.62541092791875
174 7.341060222095435
175 3.4903641062845625
176 4.984909094212832
177 11.367947664705385
178 13.481595285195388
179 73.3172296911047
180 4.635722149279827
181 12.479448767552316
182 16.908194322938982
183 4.406780004398895
184 7.542568656848685
185 30.1906603124171
186 15.776615386598566
187 11.781802103991406
188 17.292321491353
189 3.6101475519190096
190 6.289769066869372
191 9.498879015129226
192 6.552277394660771
193 7.175079829211547
194 14.609362622519155
195 10.707235107372176
196 50.1909237361011
197 33.614289926732546
198 60.0168575211881
199 5.980423578136657
200 46.13555697929712
201 47.23927475726889
202 9.319448046887231
203 12.855830844121765
204 17.468661523522847
205 28.661046328854095
206 8.794875549094643
207 17.865100114333618
208 12.197059496526531
209 11.028167026631785
210 34.30187369253518
211 20.07516481809689
212 15.562512131153303
213 14.070412547527305
214 2.4204847895751174
215 17.30386075726558
216 22.14598880325592
217 22.714253648460417
218 12.758140100032888
219 5.680334178065869
220 12.664878220441214
221 13.214337936768985
222 3.074891513839215
223 9.518793548842382
224 19.008548030283013
225 7.25826662998789
226 17.96600391747874
227 6.409891401946046
228 16.953265489666993
229 13.462122654138843
230 11.120726129645888
231 16.670454525119524
232 15.151320922822705
233 22.361356677735674
234 14.836857076363092
235 5.5125454004850285
236 11.30426233475012
237 16.161530267511857
238 7.6787771537545115
239 7.032748001883316
240 7.123037456263221
241 10.455513656777471
242 7.868857620833183
243 41.150107945853286
244 17.484411695901105
245 7.742784039261384
246 44.98549649665617
247 5.657407435706866
248 43.55528790140724
249 11.425833034672305
250 7.98433978132428
251 16.898558110984894
252 16.3052323631353
253 9.866410854895324
254 10.477663516447503
255 2.289720711796035
256 15.854803693770593
257 12.980789017159589
258 13.482686255947657
259 12.512433722685449
260 17.25644049103502
261 5.2301850139463
262 6.014883584217653
263 39.15838975933488
264 6.409003103827206
265 13.33523835611072
266 10.211733136188025
267 3.9165419793209675
268 13.695257318912386
269 31.88545503968412
270 9.69886431356984
271 16.088828643961445
272 9.40720756248916
273 28.280497620660892
274 7.505647987333294
275 33.2468041926578
276 4.860540593673108
277 10.632293529583347
278 60.81384347972448
279 5.576215131980943
280 12.150985051775773
281 51.5037420625523
282 9.98131978003557
283 18.60592598801549
284 19.201795819839337
285 12.973326607786559
286 5.293398880126383
287 18.095081755924504
288 10.520330873856823
289 14.041868324006687
290 25.015794048883816
291 11.455774449526201
292 2.8008966317297377
293 7.808104755312343
294 21.49197437764715
295 6.8817890383561835
296 3.216302443077622
297 57.747777663315176
298 7.928253198047762
299 6.315823485012804
300 4.2198800496943045
301 23.623992452899145
302 10.611847411299147
303 8.89134690910665
304 13.464190646477673
305 28.84749044427008
306 31.547743222521166
307 42.04764059998093
308 11.635356972698524
309 4.09335784175026
310 19.178758619488175
311 0.9188078931062376
312 29.846964452302153
313 17.961403553497384
314 3.0905696008440313
315 13.86954613724285
316 8.37456996454101
317 14.659423926484905
318 7.857946679814534
319 8.623460849211327
320 63.61767594007474
321 9.027505741046514
322 17.335264702003947
323 6.857427878166194
324 28.943449171671624
325 17.65242639640702
326 1.9754676323569345
327 18.257014783058356
328 5.70542310834472
329 16.99613396199288
330 43.63164262210622
331 4.507994719542901
332 15.486356491281606
333 10.030024397280934
334 26.02389309772973
335 30.770556799481035
336 36.781130029252246
337 67.96117309618097
338 3.011758312937036
339 48.439730230497815
340 14.85013681080467
341 3.427239778615264
342 4.6330562723859385
343 14.373278008870555
344 17.227755183162515
345 12.003142720183385
346 13.815853693637946
347 13.369482543389548
348 6.759339516013594
349 8.297480640035543
350 10.47607294059276
351 9.631493586686355
352 5.532444571788804
353 39.93755235259176
354 20.87396097218564
355 66.92757889293584
356 17.807339212571367
357 7.136307186954466
358 6.200621965212126
359 8.637633947941897
360 12.962958343000052
361 11.430951796471485
362 80.72809039001494
363 12.398191220771922
364 5.301355791876759
365 17.04069135819549
366 7.818457649845181
367 2.657540234502526
368 17.336042611679357
369 10.380137616320367
370 5.795277561186203
371 49.91298393205083
372 15.721569992027902
373 51.68294967918268
374 7.990693988548367
375 4.571088899986654
376 40.07580927408427
377 9.480753134434233
378 9.145691528450042
379 9.514756978848155
380 4.162033846784209
381 6.099032745845541
382 19.959031698198796
383 40.10336233388396
384 46.679981561048535
385 10.271766111610692
386 7.321845811516424
387 10.698441643029035
388 37.880385979117996
389 3.565912193899794
390 3.4709125390558615
391 35.430171095127065
392 8.983620420662135
393 23.174843186112092
394 3.441139840880828
395 28.527011516949045
396 10.36381156834035
397 3.5231850846431767
398 6.3459802730008175
399 10.990737237915022
400 23.828273021263012
401 16.705298075648038
402 15.080871999424215
403 4.109352950258309
404 32.47154630001722
405 48.85401748514796
406 81.03825323810173
407 79.06363251799995
408 8.344292375887639
409 4.247721383098551
410 9.756903234830558
411 21.283832591675644
412 26.95717986293519
413 31.390633852681514
414 5.254892057433803
415 25.719417057647064
416 25.97629323135943
417 13.958349051942273
418 6.177164505648418
419 26.418457761957857
420 23.51569897797585
421 19.252090490541
422 6.506125376640265
423 9.901715077702654
424 20.703264886799076
425 17.34283666428605
426 11.53126419578432
427 12.65397607186935
428 6.597173507699899
429 6.953037817572883
430 28.225903701842416
431 3.1422706080355196
432 11.679990737345767
433 64.54420498407185
434 12.658843931939536
435 18.397758464180217
436 43.98156034270221
437 14.736735042332562
438 25.38856481370292
439 4.576416515438444
440 30.758633914715894
441 29.604506919688266
442 4.623966584297126
443 24.518860409604017
444 2.2864284419183916
445 28.561494950303267
446 24.70946648045167
447 33.73539283063004
448 10.375031482710195
449 11.67959255044039
450 32.11241861351103
451 17.511191329122312
452 10.640008166481007
453 20.426606504621788
454 22.2924502278686
455 16.052512182162836
456 8.84506349224903
457 13.32796305844165
458 11.972715496834637
459 16.06737162430343
460 9.953011128846558
461 2.919770724683327
462 27.36947905395436
463 6.557953580354644
464 12.72954965939223
465 7.297195891365394
466 22.237495234268398
467 31.709628831172907
468 12.842504147245435
469 4.549696850761726
470 9.6387761775438
471 19.796120034627
472 8.302749717897738
473 17.513912340468316
474 10.977578175543774
475 5.340701936325552
476 15.303316255079139
477 3.5838645863514533
478 30.551157239509255
479 24.34315077721979
480 42.461382714142495
481 26.410669323726932
482 11.307159429098688
483 48.350690744117856
484 22.586337850050313
485 42.08426337728373
486 6.605084417758082
487 4.5961586268024455
488 17.436860736752
489 13.555067155798438
490 15.050997212746275
491 7.558122022399308
492 35.22008979406381
493 8.61540223505476
494 7.907466819498808
495 6.208522436702629
496 10.706344798083553
497 11.651648246962091
498 10.033949314779104
499 7.480865202276674
500 33.73517829091406
501 20.982574863357073
502 3.8969232160876954
503 10.901776694982935
504 5.56035752773029
505 7.669496722770501
506 15.822762364804662
507 12.751700344583847
508 50.82600562239792
509 6.522877739327421
510 11.069420484820297
511 23.273044281464866
512 23.194732384750015
513 43.83194712213706
514 1.889869485581525
515 7.730485095578189
516 12.76306821771104
517 20.321075971460154
518 4.745252129231831
519 18.043507042139733
520 14.475517666078906
521 36.83656442803985
522 6.002778496744234
523 23.56987067585389
524 8.240865180545901
525 8.442548022011016
526 15.529037892594106
527 14.050354630668139
528 10.503697494218892
529 28.453891838061306
530 11.771914841245419
531 46.49508802440037
532 28.707865041513436
533 2.7415618448750547
534 3.1820420521753676
535 4.9861406095949725
536 24.974877869289415
537 31.911817713816166
538 5.091980289604655
539 7.502569825305859
540 13.090725540006487
541 66.36646868234735
542 1.5749018506021997
543 10.962853295956748
544 24.496331393282603
545 8.390521676083736
546 15.696256208585796
547 12.36618897975966
548 13.97157165418497
549 12.946142021703563
550 10.493923712278962
551 16.36604191167414
552 8.177896084705116
553 20.78288610357423
554 13.83995945669329
555 7.156465066051271
556 10.229691902653526
557 4.792496444097315
558 16.31211899129608
559 4.58819234879706
560 10.398614483324492
561 15.710145268350471
562 8.808432400056562
563 43.93456969714214
564 7.364126408952853
565 8.748038507678963
566 28.583657860712457
567 27.588687811956223
568 20.932038439490995
569 39.014840969430495
570 31.66677095247695
571 17.67255842814928
572 6.333637877498867
573 34.116136599960434
574 23.264987183338263
575 12.265854411468284
576 7.248875604792294
577 20.854482317434808
578 5.781370725755124
579 7.497738777474098
580 19.564213045926795
581 12.617715627428728
582 8.53708438557331
583 7.247395620147583
584 21.60480600594611
585 59.584248015192365
586 15.05022054153817
587 14.088614075342546
588 6.1433017271954204
589 17.37500108096824
590 14.471457544180407
591 27.21366899559541
592 12.700413668343378
593 17.10783801109859
594 19.66243318503591
595 16.80023461131805
596 10.211563317640076
597 10.526738484810943
598 16.049827802830634
599 26.932560153737175
600 5.275395703199434
601 16.669439139675195
602 7.60577643643444
603 5.561306003427046
604 16.49381713913495
605 24.52680355307338
606 24.000727471525156
607 27.30782159162424
608 10.852713237447876
609 8.06250026279478
610 9.44470839495098
611 9.850516201430986
612 40.273089812261475
613 46.64619236690926
614 6.367137146438434
615 6.461573211766826
616 1.8067817197082359
617 10.805409159556268
618 33.42661897020594
619 7.929574979873216
620 18.301715032839695
621 7.944023893147018
622 109.3021173004649
623 17.777655301918546
624 13.702498945368694
625 16.130641667848973
626 21.921414962708507
627 5.525445775542163
628 5.440990924015129
629 12.39166413779502
630 12.185144716002393
631 6.397446724088529
632 13.20232728527298
633 15.3656096322247
634 15.39210242778832
635 5.056786804859079
636 32.43388701127291
637 12.580699152516178
638 6.0265322776944865
639 17.315656609103396
640 8.352313760504803
641 2.7937508311318022
642 10.1413236818651
643 18.19863585196143
644 21.056323239414834
645 22.490830603781642
646 28.374597792898484
647 3.2052011599532197
648 7.433956869573557
649 12.431304041330984
650 3.335497705525348
651 14.230772858455929
652 6.6015561301414865
653 34.89252443368048
654 11.652660395102421
655 8.902504812858794
656 16.203086064803735
657 17.581847805615585
658 8.366568276559848
659 7.411253137936771
660 22.59184982733988
661 13.5315607125548
662 10.002839218891337
663 14.476425459578623
664 7.184831107835731
665 4.512316390058894
666 5.493871976892393
667 3.749276596126848
668 7.4365251096320035
669 3.7628629266158464
670 72.19475429880313
671 12.356265807738767
672 22.683533406323356
673 8.278893406082734
674 14.610566289145556
675 14.650997022774883
676 11.269998340449778
677 4.554016910386916
678 6.967996855708718
679 10.957760519819455
680 6.551003683604024
681 8.524904331580938
682 10.969194632864166
683 6.483336511261436
684 10.80528639730333
685 30.75035301760877
686 19.817391817591822
687 10.937509904878482
688 8.703354466767122
689 11.353794517251139
690 7.892037385958017
691 5.136854853852562
692 25.252672005289327
693 20.8776643780913
694 12.592105551920568
695 8.9863276339817
696 4.2625666183691795
697 15.928998452052973
698 3.5584261643657493
699 3.034606500579578
700 62.881219731476506
701 8.238176423369751
702 30.89942536876677
703 15.68766525318588
704 32.22814101549095
705 14.048373837600296
706 9.352255532383278
707 19.17207334423821
708 6.1093852752130084
709 6.689204580903207
710 14.776685475136395
711 3.889295946664256
712 6.379560085271678
713 11.220359531501149
714 11.450070529768663
715 35.83329159162873
716 10.217507192177596
717 21.73407210982512
718 7.088015546275781
719 9.662201613832385
720 22.627089989031763
721 11.913801341124765
722 13.600583587455587
723 16.854533138070842
724 11.536344513529153
725 17.67786094881486
726 7.400541626801664
727 12.043495740979324
728 9.144944000761187
729 16.065686189268387
730 10.388113358457828
