1 5.225658085681353
2 6.082145618221864
3 11.190572203260858
4 1.70332399250135
5 4.002379045465626
6 3.9476461730333807
7 7.231519669000979
8 13.25726350860304
9 3.2341104260993254
10 2.337755577805238
11 1.3252979289494449
12 2.360947684740752
13 1.238724165723994
14 5.822007388652608
15 3.9405157263302555
16 12.075394301031274
17 6.619284288103796
18 7.907815222812371
19 4.559133506954161
20 8.680057039634061
21 0.48614532765073903
22 3.3613499423774678
23 3.0139595590127737
24 1.9920551146925523
25 2.0741461702607666
26 2.4866250131135996
27 5.8971811697085865
28 1.1216945659533768
29 8.796647242636844
30 3.2756993973521924
31 12.565105159345263
32 4.084950280116628
33 8.930388266946576
34 4.733553448691851
35 0.629242247954923
36 2.6783795357211324
37 1.1779964496607014
38 3.8328927823292567
39 1.836801221998608
40 1.9987551419952645
41 2.5118760213685714
42 3.273411322176897
43 1.9372329471122909
44 2.1089023528416013
45 1.1767768418648508
46 4.039476881174183
47 1.7691258606855786
48 1.9026182658068653
49 2.046629440355973
50 8.086283429044386
51 6.594619347559758
52 5.348599955891448
53 4.325979641486795
54 19.43297977174269
55 2.9661479602841863
56 1.2820804419330407
57 1.3104548243211764
58 6.523453684996329
59 2.9933360864005665
60 5.591447558724841
61 3.6552261711244456
62 4.162977443809442
63 1.1194986015376234
64 2.3965407477969864
65 4.550948780530573
66 6.47221744549674
67 3.748830980101344
68 1.3358456960338394
69 3.914978860807326
70 12.530381229314402
71 8.346179471496907
72 0.577016027076762
73 4.045111721229251
74 1.9578113316949546
75 2.656793402397523
76 3.9488142130204515
77 1.2602118691088486
78 0.4768806851763095
79 0.9089836491454633
80 2.0583324202304665
81 1.5594271039217682
82 6.476935017916661
83 12.505594337791226
84 0.3513200504314395
85 17.706163949621242
86 4.534951751785569
87 1.9355757729836691
88 2.6108233035847648
89 2.6748780772308396
90 1.1471617802710203
91 7.912681135552855
92 23.15427600483903
93 0.945526378379581
94 12.289066053003955
95 10.470140522924362
96 1.3858143765013626
97 3.8252358659281036
98 1.4395746371692029
99 3.5198633134007835
100 0.5236980854674265
101 14.43743048537793
102 5.661500264522721
103 4.401309962116038
104 1.7851311064093722
105 4.607591375892864
106 5.556849196063649
107 1.913037318281178
108 2.690825863662037
109 1.3937426577649037
110 3.143930120633446
111 2.298468270752959
112 2.4979819153704477
113 2.0155454227913685
114 6.145941378368492
115 9.275833722694914
116 3.6573734279056676
117 23.74041245700553
118 6.361474173309098
119 1.454285170681183
120 1.006519532747322
121 4.2385287831807235
122 5.8178484774921
123 0.43731118639989813
124 0.9916576578578858
125 10.14953202262232
126 3.72445208789611
127 1.4268666717085337
128 10.812193554651856
129 1.0795668982463023
130 1.5464831783932278
131 1.1439933599736836
132 3.735105333530988
133 3.569475867191692
134 3.1483749919701642
135 2.1396474024451426
136 1.2195103284377702
137 11.906633456300248
138 7.11637608083621
139 14.457977160586232
140 2.7511150646867235
141 1.8925703743498972
142 1.227473123772904
143 5.647670168426369
144 1.0498017378932516
145 4.021889046471718
146 14.745393551149556
147 18.06895394101636
148 6.571859160452334
149 2.1877723746529605
150 5.6637637005786665
151 2.542191085776647
152 9.005755655154854
153 1.8799277912418582
154 4.413425310797877
155 2.580708577973141
156 3.1346052637001014
157 3.0826921599023387
158 4.684784076974452
159 2.7336179548838446
160 1.4637818986126094
161 0.9326892639787838
162 4.172095866918093
163 17.04017757480186
164 2.7837173142594387
165 2.1251954746754502
166 1.2630410075753664
167 4.153983090729137
168 1.8485456963773996
169 1.3452602575093353
170 1.412215694534254
171 2.7746121915551947
172 10.815346916447679
173 1.203655386449616
174 3.6193263082986316
175 1.553502409546349
176 3.541532246599481
177 2.0525440012556757
178 5.035382075065169
179 1.204923191110665
180 5.066392246792386
181 3.393616885894171
182 5.249558529216138
183 1.7573638739111046
184 5.503305981492479
185 1.371466545388307
186 10.11106057261515
187 2.196775181580965
188 1.1913937155925094
189 2.6527320434327564
190 2.388087520255662
191 1.9334546433385655
192 3.3631490822173964
193 1.1643645226786081
194 4.385960311097039
195 2.176823954837884
196 3.8457172409877107
197 2.0777643431259043
198 1.0487283851179827
199 1.7242279403966605
200 2.9869664264881144
201 5.030132754032663
202 6.43284212218057
203 4.335870632841342
204 1.0484928183915803
205 2.544184457017586
206 2.221534845374003
207 4.832886821285151
208 1.3807977575958137
209 3.8410313026333154
210 0.694201599033412
211 2.20348028137464
212 4.977057873286221
213 0.8372914195179612
214 1.554932899334445
215 0.33888642393151525
216 3.8267726736815866
217 16.65311771437706
218 8.430578557221034
219 11.629960081438506
220 0.9617090173764407
221 1.6007964292241086
222 1.5525732396202268
223 2.0580427663452876
224 3.2258346922033003
225 1.941392603553129
226 1.0940053007700536
227 18.0643373973487
228 2.967545613558045
229 1.4689736782870657
230 1.8564207288318493
231 0.7454809358166952
232 7.208030709872241
233 3.554184760967997
234 23.039482776656712
235 2.634015050314498
236 6.783728738882956
237 1.083756143152479
238 2.2314356132486917
239 2.5467985595381597
240 2.9258174256333747
241 9.596406163430395
242 2.0632372088604134
243 8.851197033063468
244 7.761181334545096
245 4.639210223809392
246 4.431411755100083
247 0.36456125921972876
248 8.855648219670977
249 6.425334327006489
250 5.779295481197369
251 6.758942671283513
252 10.839582902368823
253 4.56170862665404
254 2.683914782925188
255 3.4888119031518547
256 0.8982802878817496
257 9.384007552693863
258 2.9296069482788982
259 0.6873835487533446
260 1.8740703850195972
261 21.009067316060378
262 1.595009966933285
263 4.356156705423545
264 2.097369694249434
265 1.7443535011801201
266 4.881882027137884
267 1.8425764097083015
268 1.567509431561182
269 5.886870247352748
270 3.474091159495533
271 2.1961176667018716
272 2.11324287349204
273 1.990194265160329
274 0.16216956846769306
275 3.6378556899105656
276 1.284228385394003
277 2.064733884563976
278 2.3667557282207774
279 3.849419641884526
280 6.369978658198167
281 14.999196842789333
282 5.6854198972601395
283 1.7059780938600781
284 2.4324822340322707
285 11.542847998246307
286 4.84085466314311
287 19.333414075244036
288 2.3784792800112284
289 3.289996880940862
290 4.373765666280146
291 6.243335682258692
292 5.092612656248487
293 4.176511963195604
294 3.568460421442709
295 0.42856266279593724
296 1.6000491504622965
297 12.531527679885354
298 6.55341536547482
299 4.229448004749598
300 0.07839530267412537
301 1.9522521069834204
302 4.718254707813561
303 4.862879313472864
304 16.292935062080165
305 12.961942428278377
306 2.3895236590249644
307 2.7693685180602876
308 4.463016876415836
309 2.7846950676873803
310 4.952522258919073
311 2.3124384276495467
312 2.4176781590570884
313 8.220329356464328
314 2.1728183747214636
315 6.668559008219404
316 3.0118297286811564
317 5.554608324013628
318 6.289450232697068
319 2.1526177326840603
320 1.3984725638096105
321 9.783458466445703
322 0.6552823778655555
323 7.303031329299524
324 4.401417074344515
325 7.004625711553686
326 1.66644252166085
327 11.948169976574261
328 1.8202338080171863
329 2.3052093564680973
330 5.247725290340764
331 3.2111529285663942
332 2.0801406062029644
333 2.6541364179559297
334 2.2211872244658535
335 7.382724389489615
336 0.7745318175340858
337 3.2889717729161867
338 6.507267923552059
339 2.2464370352572613
340 4.604792139532321
341 1.8362072756425356
342 5.368743769875049
343 9.110414895050036
344 2.521138397492649
345 11.787473792869902
346 1.1782180199952759
347 4.823280224930542
348 2.6638724065957
349 9.938218486418998
350 1.0256617281898033
351 3.7715162633240147
352 1.482746326499943
353 3.7180698172778275
354 0.43691072717010043
355 2.117207303256392
356 1.7462315367858854
357 8.022754072041478
358 4.120424574271327
359 2.286348541862099
360 4.4833019260772184
361 0.9571894288561207
362 7.886204584102739
363 12.164442089453734
364 1.640391222425218
365 10.118904745050287
366 4.371620810202544
367 10.694501000356007
368 1.7340969010924543
369 26.25035869802526
370 3.5705097727701887
371 5.089396069006292
372 6.155680974947059
373 13.117545440984829
374 9.754011638244437
375 5.3689400581864595
376 0.5712430305784718
377 3.2516003468254473
378 1.5546068356176814
379 5.2164077190387435
380 2.878429155482516
381 2.828744569952021
382 6.318331302874347
383 2.592802327253454
384 2.199257323144085
385 3.284734812051149
386 21.42761663851992
387 1.7072804165709325
388 2.5599316678153126
389 2.931677779513523
390 2.8746243841090275
391 3.094073349419785
392 1.2637272912456758
393 3.324995905805633
394 0.9590178976390485
395 2.2520649971656748
396 10.137819404356451
397 2.293602754764791
398 5.477360613381033
399 1.3267215185128192
400 1.9909679660524435
401 2.9907453820502745
402 2.4743932853015367
403 2.3564201022923403
404 5.012943249185879
405 5.629550506343155
406 8.685878382165678
407 10.934539413267116
408 4.122047140072831
409 8.636085796676326
410 7.123217662142897
411 1.2119511251599446
412 5.0460669247181995
413 3.3773981628863847
414 17.822624585210058
415 2.1041944724312938
416 3.7986399496171845
417 3.0653809641132237
418 8.884181928922871
419 3.4999040637844385
420 3.449161686828846
421 1.2629093376602136
422 3.7260774612091234
423 4.0870487585933075
424 0.6843094265903773
425 3.906923860876675
426 6.2170676896422625
427 6.661876192159721
428 2.5487272256836224
429 13.533281084229804
430 5.934513567066322
431 10.687587403345718
432 5.411054292851406
433 5.900345740411223
434 3.535182715186689
435 1.2466110794728846
436 8.449633257156755
437 6.923263709409166
438 4.255740546346309
439 2.7182083446387217
440 6.9996787398094265
441 5.01237262065003
442 23.21899223582493
443 4.043509327136034
444 2.9374331460483933
445 2.8157367271420854
446 3.668698385383533
447 1.458978651281993
448 1.3851414024642104
449 0.5969660551353728
450 2.1588759112417875
451 3.634118582522392
452 4.077942018787505
453 1.1408220284034678
454 3.292908854005282
455 0.5933683496010451
456 3.650193012806262
457 0.5625350699375001
458 1.405768218389404
459 4.162754250277221
460 0.8488296732661739
461 3.9180387265112446
462 3.458982447241946
463 3.0234249314949126
464 0.7710619452950324
465 0.9986643598560119
466 1.0211605057122137
467 2.4347281208066165
468 3.01258349851477
469 1.8006418380846372
470 7.762993423122572
471 4.292758689915517
472 8.925999997222112
473 2.322613861941003
474 2.9633241316209187
475 12.990765227546689
476 3.3895884485666756
477 1.7247685553882732
478 3.111892299039285
479 2.191691262519525
480 4.511460091553566
481 5.323226682589807
482 1.2088224144205337
483 2.0081222474533305
484 6.930324210018168
485 4.885750815827762
486 5.935932932464856
487 8.298743609229037
488 2.553220263547218
489 3.316429904679904
490 15.355628171816521
491 1.776561665447121
492 1.5682659542475266
493 3.6167014600145926
494 3.206171963290293
495 7.017023185801302
496 14.583867261687688
497 3.6405375227808427
498 3.2777275219801085
499 2.1127783217157567
500 1.9343576938834883
501 1.6675811370060487
502 8.243899142975254
503 2.3937620132429944
504 1.5198196887299666
505 5.455307723199124
506 2.095556712785184
507 3.166536878340742
508 0.9944866679786526
509 1.9247864170332232
510 8.61098970005344
511 2.015862156305828
512 0.8269953390439606
513 3.426255571379114
514 4.987941746336363
515 1.4783082499893045
516 2.1753777818793965
517 5.178681682940249
518 18.604548058492046
519 0.5923871087179963
520 2.3908055566295414
521 1.8350470130641336
522 4.045886304261878
523 6.406101125307259
524 6.582034229326378
525 5.220860310571824
526 8.092744821991683
527 8.763511940784886
528 4.207197292892322
529 14.178923244929711
530 3.5235570828273755
531 5.966356065779564
532 5.958403520283213
533 4.242164811654349
534 1.261903285838729
535 6.169505720124327
536 11.704283543497317
537 5.0903887251723825
538 2.136778374791235
539 1.1178760887912518
540 9.145262219300184
541 2.902199498818688
542 3.014313888405302
543 5.988152068568826
544 4.8652720477019065
545 6.941081065996571
546 2.226382437835047
547 5.033305945450644
548 7.018806890124946
549 2.2639599441094607
550 3.33499503942847
551 1.5271681974750133
552 6.690074537149883
553 7.6889686297457756
554 1.032545786671181
555 3.9646751206687028
556 3.3219310434881546
557 6.383694001456476
558 12.617268372044611
559 3.6651564821269833
560 2.6120407865935
561 1.8348013337696745
562 2.5561606495706153
563 1.8271670495065324
564 1.7167883669320751
565 0.9822145602405564
566 4.197239181070202
567 5.099505693636176
568 1.555022726338188
569 4.6965781219536336
570 2.101367913935193
571 5.464061052446399
572 2.6359687402470366
573 1.9649115336296765
574 1.4235643950861003
575 4.487475353495744
576 0.7592009562849206
577 3.9436985715689996
578 3.0037482200205736
579 2.7038076829425304
580 9.511995878057075
581 5.8856966572407945
582 3.8612166734456705
583 10.240341106074114
584 1.3934659920525163
585 10.007238067234354
586 0.46883154682381895
587 6.037760395103468
588 0.5148382568314216
589 3.2449244740019814
590 11.877392529585777
591 6.103742232009732
592 2.2327000353498967
593 2.3460140933003135
594 9.046224086449218
595 8.062233536833169
596 6.242496217945512
597 2.763481039988669
598 4.844146603485934
599 2.4915737099857744
600 7.854359987600019
601 3.924864696465574
602 1.3810888448767797
603 1.5891544882013255
604 2.006947583981734
605 5.508195672517553
606 5.077512395479535
607 7.999438051099602
608 1.881183275909092
609 8.85566008719011
610 4.327493963651398
611 11.931958718769794
612 2.511142235049355
613 3.9623210315994086
614 3.545477903039711
615 0.7212906849643419
616 1.7256134944468313
617 8.72113132938783
618 32.808030548344405
619 8.68266328712384
620 3.3949291307519482
621 4.542030678978772
622 3.239062099105859
623 1.2397704719869578
624 2.1133967682139594
625 4.328184818027776
626 2.1383494221675345
627 0.19954492745299834
628 2.7696803418775198
629 0.9973020603048796
630 1.931832837910384
631 6.1206493334204435
632 6.1647871558441265
633 3.0727533218494925
634 2.2768135761695287
635 7.561553710433667
636 14.139761328814362
637 10.865649927410438
638 4.6179444436693355
639 0.15240244858029436
640 1.9171480919998918
641 0.9991301853817843
642 3.816571488638095
643 0.802745091895387
644 1.5774061216401438
645 2.9003059111730574
646 3.4983449165646783
647 3.1371583468822766
648 1.8587628596880927
649 1.8642606892019977
650 7.511101181428751
651 4.509567135807677
652 11.846100749321952
653 2.6059806717166456
654 5.439810903056834
655 8.191731674752184
656 4.072723700407071
657 2.9399378492030506
658 6.323483652649223
659 11.019530517898838
660 3.8342841078159435
661 11.16331460484734
662 0.5032148928374877
663 2.7807656224181065
664 0.4297248926547798
665 2.1135987437208947
666 1.0033520927610353
667 0.7108466154188682
668 0.7734913523810549
669 8.410407394070612
670 4.784262122844557
671 2.457390049727845
672 2.40577016337623
673 2.388402957839558
674 14.031754278527451
675 0.7845768218617267
676 12.162723438464697
677 3.1628890124555276
678 2.2958068778568728
679 6.189081250857506
680 3.2433769761126023
681 2.703253486426297
682 2.66043102628392
683 14.9391765750232
684 1.4398283552304234
685 8.942320578279368
686 3.6570171629089865
687 3.7971861085086416
688 4.933516897909818
689 2.9663491967218296
690 13.787877964767489
691 3.4968781038156704
692 0.7321735336757449
693 1.5065730922500273
694 7.318069631511326
695 5.5363266940196265
696 3.0068757650656983
697 13.244038030408623
698 1.4026574981538493
699 0.36077696218581573
700 7.786346538875225
701 1.1875274698277727
702 15.065703928507045
703 2.3849937469357556
704 4.167973272694107
705 2.7484793912294303
706 1.8847690695325285
707 8.61540490040863
708 0.9566532374289324
709 3.443325742091751
710 2.027045944733725
711 6.944469977155033
712 2.78651042756152
713 2.729157888036564
714 2.5857558926834194
715 6.22603040300491
716 1.9331025717550445
717 4.736305164594089
718 1.805293817167696
719 1.0209093343007223
720 1.5995118052548156
721 6.049572236676598
722 3.595352181281244
723 2.2513164735637465
724 2.9189285990650258
725 1.8657559352765511
726 4.6566966131416825
727 6.9136723352296565
728 7.708823269816288
729 6.42197210385628
730 7.810536792370582
