1 1.064867712388537
2 8.162318085485666
3 2.422755278969439
4 0.8988090225202152
5 4.402432010550117
6 9.12400144358804
7 7.404026272614094
8 0.526582494786268
9 2.3230892231297333
10 3.1668606163186914
11 5.77593775077583
12 2.9399652928921434
13 1.3335607964482707
14 1.3430656112563064
15 1.6680315741824279
16 3.950195539623022
17 2.806780318341633
18 16.783478222599843
19 2.85821250980151
20 4.812072172506961
21 1.1458055640452178
22 3.0849916899828793
23 6.469628686112089
24 1.2303616830448612
25 9.452801387490284
26 7.153604896725223
27 1.597444371129884
28 2.2998851657279156
29 2.269783988292163
30 4.373057673195716
31 3.359334744844898
32 2.0300183708102906
33 2.4618568630190936
34 4.958251632898302
35 0.9469074208788872
36 25.229464108390964
37 4.357390925937639
38 2.7866431705251666
39 2.0903583785078323
40 3.675243640089117
41 1.5983936090208792
42 3.589368199258498
43 3.3487787221758447
44 7.575108924358423
45 2.164200081594857
46 1.4404721698684468
47 2.337543025034179
48 2.7673191639290526
49 3.9844819770706055
50 0.7506846515626954
51 7.661432252148214
52 3.0956532279297853
53 4.414275908191037
54 2.7227810050753436
55 1.4741977676466844
56 9.851050084583374
57 7.1776037430135595
58 1.6470277743143533
59 1.7200265211111827
60 4.094296957755211
61 4.743043952199387
62 4.726002417571248
63 2.0003554500763814
64 10.117504387832708
65 2.1608427622924125
66 2.3135105052431886
67 1.9580422600472178
68 2.812294017911528
69 2.8035307453838163
70 5.468080806964059
71 3.7836061868290654
72 3.0315294050002417
73 2.82412523316618
74 8.281717170357714
75 6.916894594839757
76 3.6274873075912093
77 2.10394244348074
78 4.565354471900022
79 4.1558967927600525
80 3.190844334395184
81 2.8181093413988085
82 1.6515708046701607
83 8.085464976585016
84 2.5259945403125457
85 1.5809917954686463
86 3.382821965074621
87 1.91048343112776
88 3.98263638005407
89 5.027848590286165
90 3.1222997502136933
91 7.936855792509014
92 1.1703717425239986
93 0.8367167031061528
94 1.3014616345853847
95 8.082914482346276
96 1.0416524672799148
97 2.6259216604453623
98 11.018562077077382
99 2.090383395372351
100 2.290188470713142
101 2.9905273972625817
102 2.6720386340350464
103 2.011495646304278
104 2.397984609311311
105 3.047967247485287
106 6.110191123485918
107 2.033239689056204
108 1.7976944379398367
109 5.746801059669234
110 0.9656228569423537
111 0.8290075535950402
112 7.192006821785409
113 9.552289567004937
114 9.268217602841563
115 3.4907764942338817
116 3.573719217451539
117 1.4872918367722188
118 8.460495402596777
119 5.039831775807847
120 10.331011469588805
121 1.7623802284062045
122 5.46350580948136
123 6.030903828730535
124 3.0730077534975386
125 3.5429834819172394
126 2.168849786949871
127 5.369866155752416
128 3.9878876709279574
129 7.312654846052798
130 4.474458383078917
131 5.584363836465699
132 3.516691880714149
133 1.2828428013748152
134 1.8723775284922104
135 0.7911644375456357
136 2.2476371731764635
137 1.629324324150439
138 1.608567826047462
139 2.93586010524729
140 2.0157896558135175
141 2.4987173990077274
142 8.213301319861904
143 8.410196708232625
144 3.891617280128232
145 5.244743552729183
146 3.8625659410255295
147 0.8431224170012691
148 1.9412541432789505
149 0.4920278867141837
150 2.752501898158478
151 6.005440324807735
152 7.751585606226907
153 9.61060871189622
154 2.0748694600727196
155 5.282383759612762
156 2.2838490767036443
157 2.7028593068445055
158 5.216807946848621
159 11.244711406367875
160 3.2660767474112626
161 1.556169384486925
162 4.343504375530052
163 4.843302318591294
164 6.330991212711685
165 4.905103324918221
166 3.7492465199988585
167 2.483099901334574
168 3.499952334208875
169 23.645144507827442
170 1.508548580575255
171 2.7434956222844282
172 4.794207960575312
173 3.315647049023986
174 2.2529353313832865
175 10.615639787371956
176 1.6055876328653003
177 2.0975517918171214
178 1.2394695814678511
179 8.37509118285753
180 3.9284113243374366
181 3.4224755065353913
182 1.8070844795374579
183 4.580206220141208
184 4.952290894526384
185 5.987082219200505
186 12.340242604422906
187 1.537666456863891
188 0.7546641404525201
189 1.970575891508976
190 0.8264637052170081
191 21.47150094259071
192 4.238169351983056
193 5.255917764713537
194 7.728018830793792
195 2.4226960831752447
196 1.4678810375771925
197 2.977872797332177
198 4.47230452444068
199 2.803536733805968
200 2.486746778700988
201 2.879810444908415
202 3.7890386430286855
203 13.017481454235453
204 0.9479894746374107
205 1.9494172479724714
206 9.287050630328036
207 5.864971749319101
208 9.37114738003692
209 1.2016549528085898
210 2.5229077936849946
211 3.750171801078258
212 5.37448034207938
213 4.961116003299829
214 4.752829359169655
215 1.420128221531419
216 2.1071829488579423
217 7.0169061914442885
218 1.4447217989157908
219 2.914841446053521
220 1.6860530266219471
221 9.282029235563769
222 2.6239696661842644
223 3.6812236750955187
224 3.818699756224901
225 0.9778405096366982
226 3.275220965433271
227 6.903133746843484
228 9.105330108886614
229 2.895267645644866
230 7.920265206319613
231 0.5197564110223635
232 9.655830468373471
233 3.487812913744479
234 1.945138439568361
235 5.750516388866999
236 3.6801312119622076
237 4.25634456623495
238 1.9627079897722688
239 1.401495621513604
240 6.616304878839064
241 1.2752333676393426
242 4.045196813593507
243 5.622588723569686
244 2.596950726589983
245 0.743372244684858
246 6.424256389878891
247 4.160681197906872
248 10.506425847516274
249 6.41222164971153
250 7.218226347529304
251 10.794416061500106
252 2.0826805013359695
253 2.6711964653541487
254 4.055326319100885
255 2.998597616051161
256 2.453092085984333
257 4.790245894921816
258 3.8186557099020146
259 1.9986994783708556
260 3.446364708113573
261 1.9276781236833989
262 2.4594679510913844
263 0.7609273381879275
264 0.7149383246608586
265 2.262376735315598
266 7.6317031526632455
267 6.881029393894604
268 1.154930435777751
269 5.819575649170637
270 1.8299626120353436
271 5.460016876820752
272 2.811339805935599
273 4.473788038395148
274 5.605527573429071
275 8.118493058931278
276 0.19575298514266795
277 2.279900155700384
278 4.740857245017548
279 3.385395292917281
280 3.7848006795734745
281 5.360324342878039
282 11.529108068970222
283 2.1047751154542573
284 2.2254928080129703
285 6.926201823699118
286 1.4728157019826182
287 2.8725926715038685
288 2.5871651678706855
289 0.6560400997340204
290 2.614394179889821
291 6.086673664180178
292 5.247632234936047
293 1.8760166238549671
294 7.098626909471083
295 1.0324757328460095
296 0.9144482510984911
297 5.177898659764234
298 2.3904368656730846
299 4.617758662706919
300 3.609859943176836
301 2.0642047626643536
302 6.764488896264237
303 0.8189826502010233
304 2.7529192105080558
305 1.4911729598064098
306 4.259303401640797
307 1.2728865200675263
308 0.6834822010592724
309 3.000258605475528
310 1.7882308812061776
311 1.4129996509476623
312 1.7780253061483466
313 2.0246883700889624
314 12.373214653833141
315 1.422728539065108
316 13.72204762027668
317 2.712319867052481
318 1.32127610606711
319 1.080669808622005
320 12.576923297016696
321 10.266229854136187
322 2.221534184071538
323 1.575868296852531
324 1.0192123530251598
325 5.515913016963688
326 3.330400379688374
327 2.2410317400200324
328 2.3095739666176893
329 2.343720251300186
330 1.04429382449174
331 1.646626523857453
332 1.7513043023193184
333 1.3576315033427753
334 2.5593404976552305
335 1.9875441736964272
336 5.852189700596325
337 2.920856858439765
338 2.6743628678226607
339 5.123129349546214
340 5.213957543777876
341 7.923224602566002
342 5.3580610467189285
343 8.6130251791101
344 0.5476225375940507
345 1.9406914300618894
346 1.5577698502938988
347 6.248671868768928
348 3.7710098304211797
349 1.7853752335739956
350 3.2428097689196176
351 14.439414066196488
352 7.316774278286282
353 6.14209941439753
354 6.27772594189269
355 2.479971326833463
356 2.481615214315419
357 4.011453264805364
358 3.4842531730384754
359 2.2471050641132853
360 4.23325700396076
361 0.6186704282062677
362 3.4804231277421733
363 3.572046714114178
364 3.247606538666811
365 1.7865140432473687
366 11.830956862195988
367 1.1687343960014418
368 4.932287212434262
369 3.2995716705994806
370 11.617987054542981
371 14.43876433179486
372 3.183333245225743
373 13.592453274388301
374 3.010597598487522
375 1.5506020593720529
376 0.5329002919763894
377 5.947098649707286
378 3.5865694032747064
379 3.1777390794394895
380 4.352968527332726
381 1.5315789223099712
382 17.427681691398153
383 1.2581797730242363
384 4.608385172147127
385 1.4700798091905725
386 0.7992556964266346
387 6.384968379167231
388 2.4506371008485495
389 0.9368852181980246
390 2.135897128875446
391 3.591578465886859
392 5.618427771871497
393 2.836741250179716
394 2.5193792370495065
395 2.034995716387553
396 4.942035009387943
397 1.5136444810476237
398 4.089452136225678
399 11.417787751547017
400 1.5871347455294758
401 3.8671870475558268
402 14.411939008072482
403 1.0981327381579797
404 3.5119290193387487
405 1.9101251603480727
406 6.22043750914249
407 2.2752180455576103
408 5.036864378892396
409 1.1687640252818068
410 1.6951434285470377
411 0.8770159216757603
412 1.1211876382494363
413 4.718345579409488
414 5.940393323821831
415 1.080799983489749
416 3.6115930761578263
417 1.3058883253514004
418 5.403521203382483
419 1.6820925377973854
420 4.628798795836488
421 3.444052152941117
422 1.4500515034860741
423 4.280273455235357
424 2.1678881109529287
425 2.331372389894512
426 4.79031259738421
427 3.576909181016228
428 2.0174492408153455
429 2.5499126154146996
430 1.5849614802506253
431 3.4305872174307206
432 2.077453309380036
433 4.397180632334187
434 0.9935970839573507
435 2.1196438716060944
436 1.2926731229072685
437 0.9007398746684899
438 0.5708831516441217
439 5.136664241589051
440 1.8962780962610637
441 0.43061958912178905
442 1.6093035537843567
443 3.3047596353367137
444 6.582028591969317
445 7.661311800319721
446 4.937647764246699
447 0.9583205856612664
448 7.5810842756711
449 4.999689010207503
450 16.097002010978635
451 15.79861238291021
452 14.334909370475033
453 2.310630170247758
454 3.3668785799597205
455 5.2615129849353695
456 2.284142680441867
457 2.989618966586742
458 3.807713852268288
459 3.656429817987682
460 6.128864606537089
461 3.523709933048416
462 2.4260124004271444
463 3.5353148354623714
464 3.2420503377857104
465 3.693844723761331
466 1.3126866639754313
467 2.825416823746701
468 5.775775947945408
469 14.40875358497173
470 0.9808942076765079
471 0.9673097644753241
472 1.9463993448527017
473 13.050657291586859
474 2.163623732140791
475 2.281089384484186
476 3.815037586573091
477 4.675180113197001
478 1.1398952324942802
479 0.6738849736290428
480 2.461390297761924
481 10.0529114511696
482 3.7801097153248078
483 4.571602630408382
484 1.9219664893547028
485 6.132595690682095
486 1.6125662110248076
487 1.1108988435762548
488 1.2805563700320115
489 5.331302522128004
490 2.9681907998988857
491 4.287899597937191
492 1.1614697088529362
493 4.545837683964353
494 3.926069633498214
495 5.227218150245492
496 6.316611454091355
497 0.8098323977155355
498 4.0527398290044605
499 3.080546851419521
500 0.31322030489020564
501 5.499698035152926
502 2.382144061482036
503 1.2152461681995093
504 4.959618104534254
505 0.9927605446663014
506 1.7708690761457895
507 2.779887928871297
508 1.7554029313437465
509 18.7935666788977
510 8.5286196057272
511 0.3853210602441906
512 3.2391144783874144
513 2.6150636395660842
514 1.8625862223786607
515 2.442390921072414
516 2.698807824064405
517 3.1073845067591543
518 7.104798351871109
519 1.3247949919156896
520 3.029431366135466
521 5.210908713590182
522 2.261729917768059
523 3.3371164330678766
524 4.9493391088789895
525 2.241773965520354
526 1.7530353267225147
527 0.7784514112852549
528 6.455187577318052
529 2.0374142286598405
530 7.51290475241904
531 4.7131637463195935
532 0.6666212996175617
533 5.925041581875396
534 2.3137756433950916
535 3.5344153840547237
536 1.230756695136591
537 1.039611770999276
538 2.7664452035004476
539 1.0897895480149202
540 3.902574024136084
541 4.044201658529992
542 1.0757956153380812
543 6.622330965598549
544 1.6191816945820476
545 6.261325500782258
546 12.969920412699997
547 23.577481274247926
548 1.4597209003133444
549 0.5968556056892976
550 2.7588938639773706
551 4.1259484238889526
552 2.540207460369381
553 2.3474302173899897
554 1.3399438752995754
555 1.7470524273171015
556 7.160172506886876
557 1.20455546473446
558 2.550152427788635
559 8.776331604525804
560 2.665492723978735
561 5.423003373704293
562 2.130331488900104
563 4.619847395699608
564 2.019256993476976
565 2.1304044104088136
566 3.4024807388033085
567 19.730889213308007
568 1.5818055507675972
569 3.572760148605604
570 0.8594109401987827
571 3.205903467749229
572 11.819320174831137
573 3.9905898928724124
574 13.589313431166955
575 1.4895446560593042
576 6.706733244608934
577 2.6427344047602856
578 7.938054814823671
579 3.828464906344087
580 3.7455051447217387
581 3.217146423985318
582 2.483114984719586
583 3.519085851134348
584 3.858760936224858
585 1.8190178515676945
586 0.684341502925682
587 1.5395376942628116
588 6.365219720252255
589 2.6991082859755053
590 10.060215155114422
591 4.127963896360135
592 2.3527267082128365
593 2.9883287467096626
594 3.9089305529261824
595 1.9371680124722876
596 4.301014698321296
597 4.793573472182775
598 2.265479446304833
599 1.0096797178182384
600 1.2725973303456917
601 1.5786343485403989
602 2.9472438615708754
603 10.171094201862282
604 4.020359042892922
605 3.1569438460693977
606 1.6059782601935821
607 1.1303578763124
608 1.407377644857189
609 13.863798828533787
610 2.3558366244636724
611 6.887418314268654
612 2.80345108825574
613 1.0780842665970813
614 0.6964511834328194
615 4.741562881175433
616 3.2027206996548014
617 0.7823516612582335
618 2.7973735595633764
619 1.9978308957968798
620 11.172793690245848
621 2.5647321788604587
622 8.224442186278475
623 1.769017617702967
624 4.280392425330707
625 2.3937031864215297
626 2.816505184781672
627 3.455640536844859
628 2.702015851292335
629 1.4771165568627374
630 1.0720724694101527
631 4.3210546236601175
632 2.8295394312707436
633 4.322446491957383
634 3.4481489992689665
635 1.1906531767005468
636 5.414346707267951
637 8.202556579499458
638 0.4804877908192072
639 2.606407945837659
640 3.650556091222001
641 3.202423261459478
642 1.7629988983885325
643 1.5296608676475343
644 3.659150152658205
645 3.6947943769945057
646 6.441414117718007
647 0.9214051451844505
648 2.7082803995008544
649 4.887004453915641
650 3.850303550724539
651 3.6053820226895117
652 2.6431657198513525
653 9.391418643074074
654 2.983774141877428
655 4.292957950986607
656 5.087994746945696
657 7.476238109552237
658 1.347616082887881
659 7.248857212507489
660 0.6445480816991135
661 18.60477473737346
662 19.13926054429397
663 2.3528220611547632
664 2.717597061388694
665 3.3158274434195922
666 3.6868251779983385
667 6.865773558756826
668 5.693872005310567
669 9.3103712540585
670 1.7455792346446515
671 9.022042690830155
672 1.8016012413265454
673 0.19657276706555538
674 9.475982171643944
675 0.5949178319336006
676 7.821686591827539
677 2.91628664572409
678 1.8525403329508314
679 3.436674355581654
680 2.5796331573624838
681 4.683914753096138
682 5.577540811474044
683 0.6159996501012087
684 2.8297799327450117
685 7.1319849362465195
686 1.1498817604822997
687 2.6120516719914444
688 4.25338286376264
689 1.0590684475315026
690 7.570302455801935
691 3.868989965658128
692 1.6216847118771542
693 2.342221215811118
694 3.117971545835798
695 19.946493918754502
696 0.45527761871203826
697 0.5493935756690469
698 1.743944253792872
699 3.4731262420756512
700 2.820374090302695
701 9.010511686223674
702 1.4866989654910843
703 1.0721609834416403
704 0.9931464729194364
705 2.632325813307366
706 1.8342417486800884
707 4.044803630359394
708 1.6249426815179464
709 3.1519539023667615
710 2.194338237731411
711 7.5340337456956945
712 1.2276348383608437
713 10.193276486092381
714 1.0940638859317116
715 1.802183823435294
716 6.999687630221972
717 8.328662673231053
718 1.8326292797554486
719 2.722310002784511
720 2.349560350813129
721 2.878217591619111
722 2.2361354237305964
723 14.106696862874767
724 3.5833094077027
725 1.5631103532754085
726 2.363734868604972
727 1.7785657520531646
728 1.133871906247828
729 1.311698877604791
730 3.605697858849494
