44
72
59
55
40
71
45
79
58
58
47
63
78
64
63
59
57
60
73
64
68
57
65
47
79
49
53
51
52
69
56
46
49
50
80
74
44
47
52
65
68
55
50
64
65
70
77
44
79
68
76
50
67
66
43
56
40
62
76
67
51
53
78
60
40
60
59
40
71
60
74
67
55
55
44
67
67
45
57
58
72
52
63
51
72
56
61
65
46
62
74
70
48
73
51
46
68
71
46
47
48
40
40
55
71
69
40
41
53
40
55
70
44
62
44
76
54
80
49
43
65
61
59
68
55
56
67
56
60
52
53
63
68
79
42
78
45
66
46
77
74
65
41
49
48
67
69
55
64
64
58
43
67
69
40
74
42
54
55
58
68
54
48
58
59
63
50
66
68
57
75
65
58
49
65
47
53
80
68
79
71
62
56
73
62
55
68
56
58
78
67
63
61
48
43
42
73
45
72
70
68
50
54
53
57
44
56
73
69
67
50
76
43
41
54
63
61
70
71
64
74
55
71
41
51
42
46
65
79
75
79
58
56
58
75
54
41
58
65
55
65
40
67
57
74
53
63
63
72
42
61
70
58
78
77
41
45
47
68
57
45
41
41
42
43
49
67
77
59
62
61
46
51
50
46
73
51
67
51
43
67
64
47
41
62
76
55
76
56
75
79
69
65
76
48
73
79
74
80
50
41
65
55
55
79
66
40
52
65
53
70
55
54
64
80
70
55
57
56
72
53
51
48
69
66
66
71
78
51
62
44
66
79
79
56
52
77
57
58
45
45
61
47
67
45
52
49
44
48
74
50
41
44
70
66
69
59
65
78
68
52
63
50
53
60
71
75
46
55
76
70
64
43
62
77
48
49
80
44
56
51
55
46
74
42
59
63
77
54
40
80
53
52
48
67
61
77
54
41
49
64
48
44
76
68
65
44
50
77
75
76
75
73
52
55
59
56
70
49
65
61
42
47
44
59
67
66
62
56
76
45
69
74
69
74
51
50
80
43
42
57
48
73
70
43
73
46
46
55
71
74
41
50
42
70
51
45
48
55
64
51
68
56
78
54
64
46
41
79
78
42
76
40
51
47
51
54
48
71
47
49
74
67
57
71
50
77
43
59
43
46
77
70
80
45
43
56
45
53
55
