0.056086
0.087694
0.010881
0.137648
0.000474
0.000244
0.000298
0.003128
0.082437
0.000247
0.000473
0.001999
0.127876
0.000242
0.097389
0.052425
0.049839
0.052814
0.087118
0.045654
0.000068
0.000158
0.002809
0.003631
0.084524
0.000228
0.000235
0.090665
0.015371
0.002219
0.146382
0.025715
0.053982
0.044116
0.137203
0.000164
0.000252
0.000231
0.003158
0.055362
0.000102
0.000236
0.119143
0.01856
0.000194
0.117743
0.031065
0.078035
0.045779
0.088037
0.045291
0.000172
0.000486
0.002553
0.052914
0.000233
0.000244
0.003177
0.140073
0.000234
0.115485
0.040106
0.06914
0.048652
0.098444
0.000061
0.00019
0.00073
0.003645
0.083096
0.000087
0.000479
0.007065
0.13608
0.000335
0.123456
0.014645
0.044949
0.087149
0.055929
0.045721
0.00048
0.000241
0.002942
0.084876
0.006314
0.00024
0.000913
0.134951
0.002534
0.083365
0.05182
0.046015
0.087743
0.059717
0.042438
0.000258
0.000504
0.002835
0.087752
0.000086
0.000238
0.001965
0.123288
0.000235
0.098009
0.056449
0.041527
0.05654
0.090847
0.046244
0.000214
0.000253
0.002582
0.085043
0.000406
0.000495
0.001852
0.125962
0.000113
0.094947
0.057763
0.044062
0.05687
0.086727
0.045754
0.000534
0.000497
0.002408
0.08772
0.000098
0.000258
0.001939
0.102788
0.003963
0.116851
0.051679
0.010567
0.09268
0.100918
0.030591
0.000652
0.000507
0.002898
0.060131
0.000189
0.000242
0.122477
0.00009
0.012874
0.136845
0.045585
0.04596
0.042462
0.136749
0.000255
0.000236
0.000241
0.003156
0.056118
0.000303
0.000255
0.117988
0.0374
0.000529
0.095539
0.06636
0.045751
0.045798
0.098176
0.000063
0.000186
0.000815
0.00363
0.08658
0.000181
0.000247
0.125797
0.000169
0.046753
0.09041
0.016949
0.047852
0.085731
0.056852
0.045295
0.000249
0.000237
0.003149
0.090712
0.000247
0.000244
0.119624
0.003903
0.000249
0.097925
0.051403
0.087742
0.04786
0.099594
0.000453
0.000239
0.000503
0.003623
0.087097
0.000468
0.000245
0.00462
0.120355
0.000536
0.097744
0.052481
0.046977
0.054881
0.045577
0.088679
0.000026
0.000096
0.001333
0.003629
0.086729
0.000188
0.000244
0.125746
0.000236
0.002433
0.094273
0.05255
0.059582
0.046747
0.132748
0.000284
0.000233
0.000729
0.003413
0.082699
0.004363
0.000256
0.001376
0.106403
0.000196
0.116518
0.051668
0.03782
0.064256
0.088201
0.046391
0.000043
0.000246
0.003404
0.060221
0.000099
0.000255
0.116767
0.017405
0.000055
0.117346
0.06554
0.042988
0.04429
0.136949
0.000486
0.000477
0.000251
0.003152
0.055601
0.000116
0.000239
0.003162
0.133063
0.000679
0.115077
0.021358
0.088771
0.049614
0.096711
0.000029
0.000527
0.000494
0.003627
0.08667
0.000172
0.000244
0.002182
0.139669
0.00566
0.116191
0.014645
0.043946
0.091613
0.055713
0.046429
0.000239
0.000264
0.002868
0.084603
0.000109
0.000188
0.124834
0.004341
0.000239
0.093622
0.073558
0.071142
0.045547
0.056646
0.044854
0.00006
0.000255
0.003187
0.087215
0.000075
0.000476
0.122857
0.0036
0.000481
0.097298
0.05272
0.046872
0.054722
0.088617
0.04514
0.000094
0.000244
0.002698
0.089716
0.000239
0.000245
0.152863
0.00012
0.003541
0.06579
0.056226
0.054009
0.044403
0.091686
0.044795
0.000192
0.000723
0.002319
0.084761
0.00388
0.000332
0.088343
0.016111
0.000537
0.115267
0.056078
0.056191
0.046711
0.150279
0.001043
0.000246
0.000243
0.00316
0.033294
0.000273
0.000232
0.12598
0.000239
0.017209
0.115832
0.06322
0.046364
0.044923
0.134882
0.000479
0.000251
0.00048
0.003213
0.057124
0.000253
0.00045
0.00317
0.133011
0.000279
0.115636
0.022446
0.090821
0.041755
0.103444
0.00016
0.000236
0.000472
0.003624
0.084349
0.000078
0.000237
0.002188
0.13791
0.007037
0.115795
0.014437
0.045472
0.092694
0.054544
0.042132
0.000207
0.000235
0.003163
0.087583
0.000214
0.000513
0.001731
0.124303
0.000155
0.097533
0.056175
0.075245
0.058165
0.056024
0.04702
0.000168
0.000475
0.002767
0.037372
0.047246
0.000185
0.005223
0.123988
0.000154
0.094573
0.055241
0.045509
0.056064
0.087787
0.045553
0.000486
0.000249
0.0026
0.087882
0.000229
0.000248
0.001916
0.124339
0.000427
0.097479
0.053169
0.045109
0.056455
0.090873
0.046817
0.000208
0.000233
0.002567
0.0861
0.000125
0.000329
0.002079
0.105091
0.000215
0.115548
0.054836
0.010783
0.087622
0.091081
0.046029
0.000228
0.000245
0.00252
0.05294
0.001223
0.000718
0.121719
0.016903
0.003647
0.11528
0.063214
0.045734
0.046015
0.13295
0.000258
0.000236
0.000241
0.003165
0.05202
0.000266
0.000241
0.00317
0.141306
0.000246
0.114574
0.021057
0.088173
0.045616
0.104111
0.000026
0.000211
0.000442
0.00363
0.080578
0.000729
0.000232
0.006656
0.136743
0.000083
0.118945
0.01753
0.045699
0.0885
0.055211
0.045788
0.000409
0.000247
0.003402
0.086995
0.000221
0.000087
0.002076
0.137384
0.001374
0.114862
0.024983
0.041953
0.091286
0.056193
0.042968
0.000039
0.000268
0.003127
0.003628
0.083186
0.000308
0.00022
0.1261
0.000637
0.002899
0.095316
0.056344
0.086656
0.01538
0.132335
0.000152
0.000233
0.000245
0.003161
0.083628
0.020233
0.000719
0.000253
0.110126
0.00051
0.096552
0.052518
0.045735
0.056307
0.087342
0.045492
0.00006
0.000242
0.002756
0.003629
0.085816
0.000238
0.000222
0.086072
0.021096
0.000105
0.115648
0.056311
0.056472
0.042373
0.1362
0.000085
0.00023
0.000728
0.003165
0.049009
0.000379
0.00743
0.148928
0.000408
0.000218
0.105648
0.063716
0.044663
0.045469
0.133858
0.004994
0.00059
0.000239
0.003159
0.047151
0.000282
0.000384
0.003173
0.136148
0.000256
0.144941
0.000878
0.082397
0.045354
0.099114
0.000243
0.000733
0.000276
0.00362
0.085803
0.001742
0.000245
0.004582
0.137015
0.007416
0.118036
0.011381
0.042063
0.091229
0.056498
0.045799
0.000333
0.000253
0.002913
0.088274
0.000244
0.000296
0.002432
0.1226
0.000173
0.097981
0.053033
0.090966
0.046456
0.070293
0.028347
0.000077
0.000778
0.003184
0.085867
0.000428
0.000232
0.006293
0.119112
0.000085
0.098448
0.056034
0.042042
0.056353
0.091599
0.045592
0.000327
0.000214
0.002607
0.085046
0.000082
0.000241
0.002087
0.123439
0.003554
0.094887
0.055469
0.068982
0.033295
0.087392
0.04557
0.000409
0.000248
0.002673
0.087826
0.000202
0.00025
0.001921
0.104515
0.002007
0.116118
0.052431
0.010455
0.091712
0.132832
0.000166
0.000267
0.000226
0.003188
0.059308
0.000272
0.000485
0.118457
0.000435
0.020923
0.112198
0.02117
0.092815
0.040557
0.045271
0.087931
0.000027
0.000074
0.001399
0.003628
0.054503
0.000052
0.00025
0.12261
0.017431
0.004634
0.114513
0.063845
0.045109
0.045545
0.098295
0.000181
0.000237
0.000759
0.003638
0.086533
0.000758
0.000728
0.122238
0.020637
0.000221
0.118834
0.017499
0.04535
0.088976
0.101557
0.000268
0.000234
0.000497
0.003254
0.082664
0.000181
0.000514
0.006143
0.1228
0.00015
0.094666
0.05617
0.045586
0.087617
0.056201
0.04672
0.00055
0.000147
0.002885
0.062544
0.027555
0.000958
0.002555
0.11996
0.000468
0.097548
0.055669
0.04315
0.055855
0.090688
0.042172
0.000367
0.000248
0.003109
0.088868
0.000695
0.000235
0.004799
0.119467
0.003086
0.096228
0.054556
0.042414
0.059562
0.089516
0.04374
0.000059
0.000368
0.002704
0.003632
0.084459
0.000252
0.000232
0.087497
0.017288
0.003924
0.115449
0.052847
0.056296
0.045332
0.133748
0.000502
0.000246
0.000488
0.003159
0.052682
0.000206
0.005516
0.11577
0.021208
0.000395
0.115864
0.020619
0.087619
0.045571
0.089054
0.048197
0.00025
0.00016
0.002592
0.056534
0.000294
0.000165
0.006922
0.12976
0.000723
0.115049
0.021483
0.09082
0.041871
0.101444
0.000027
0.000189
0.000613
0.003641
0.091492
0.000254
0.000301
0.002388
0.136473
0.001656
0.117645
0.017852
0.041769
0.092045
0.056713
0.041046
0.000201
0.001078
0.002515
0.087535
0.000554
0.000237
0.128952
0.000681
0.000288
0.093766
0.055787
0.087749
0.076921
0.024752
0.046209
0.000223
0.000239
0.003174
0.087151
0.000506
0.000135
0.122599
0.003066
0.000065
0.099576
0.051204
0.115424
0.000976
0.073076
0.046113
0.000552
0.000243
0.002854
0.08738
0.000448
0.000273
0.121887
0.003484
0.000107
0.098234
0.052515
0.059598
0.042363
0.136711
0.000244
0.000225
0.000191
0.003165
0.084148
0.003304
0.000108
0.001633
0.103666
0.003849
0.112342
0.055754
0.011145
0.088591
0.08965
0.046325
0.000169
0.000317
0.002479
0.057362
0.00023
0.000174
0.120959
0.000147
0.017754
0.115622
0.021467
0.178776
0.001014
0.049613
0.037707
0.00023
0.000281
0.003133
0.05942
0.000166
0.000498
0.003098
0.128934
0.003649
0.116041
0.021853
0.089984
0.042305
0.103137
0.000039
0.000199
0.000716
0.003709
0.085125
0.000236
0.000182
0.002093
0.137812
0.006941
0.116798
0.013107
0.078855
0.058201
0.053592
0.0446
0.000169
0.00053
0.002919
0.087548
0.000209
0.000473
0.001766
0.125463
0.002049
0.09481
0.052551
0.049748
0.086765
0.057154
0.125035
0.000729
0.004388
0.000371
0.003174
0.00717
0.000939
0.003658
0.114581
0.00268
0.101377
0.052285
0.042524
0.05615
0.088106
0.046446
0.000236
0.000259
0.002595
0.085242
0.006225
0.00104
0.000306
0.120535
0.000244
0.098009
0.052541
0.054994
0.046982
0.091099
0.047128
0.000333
0.000206
0.002567
0.083169
0.000189
0.001266
0.001391
0.107022
0.001914
0.113034
0.057517
0.010747
0.085877
0.091552
0.045591
0.000065
0.000251
0.002572
0.053128
0.000476
0.000238
0.122607
0.01726
0.003382
0.115559
0.017513
0.091153
0.046455
0.087115
0.045506
0.000398
0.000237
0.002651
0.053388
0.000305
0.006922
0.000224
0.118551
0.038123
0.09644
0.066433
0.042949
0.043947
0.103505
0.000031
0.000466
0.000388
0.003638
0.081229
0.0069
0.000494
0.000791
0.136601
0.000768
0.123539
0.012347
0.045619
0.091885
0.051202
0.045539
0.000066
0.00021
0.003102
0.003628
0.088924
0.00017
0.002085
0.117895
0.001572
0.000246
0.097997
0.056935
0.087257
0.045512
0.056128
0.056528
0.001169
0.000465
0.002282
0.072839
0.000276
0.000272
0.126202
0.003483
0.000159
0.094378
0.056899
0.086929
0.01464
0.144831
0.000217
0.000215
0.000248
0.003156
0.071844
0.007197
0.000232
0.001374
0.122176
0.000475
0.097535
0.051617
0.045587
0.056192
0.088828
0.045571
0.000152
0.000224
0.002661
0.087793
0.000501
0.000973
0.001324
0.10519
0.000386
0.11626
0.052707
0.013539
0.111463
0.068163
0.065476
0.00054
0.000468
0.001583
0.032751
0.000213
0.000472
0.122571
0.017222
0.003455
0.116386
0.064776
0.044099
0.045403
0.133263
0.000253
0.000237
0.000637
0.003171
0.053419
0.000434
0.000226
0.003169
0.136001
0.004155
0.114056
0.020863
0.088133
0.045905
0.10106
0.000073
0.000208
0.00058
0.003618
0.083359
0.000402
0.000266
0.002346
0.141431
0.000978
0.118618
0.016541
0.045731
0.087632
0.056867
0.046337
0.000217
0.000179
0.002945
0.086787
0.000222
0.000247
0.00197
0.124983
0.0007
0.100073
0.051428
0.04346
0.090764
0.099207
0.000308
0.000235
0.000474
0.003426
0.040088
0.045797
0.000437
0.000237
0.123185
0.002396
0.099157
0.055371
0.043362
0.044348
0.056136
0.087903
0.000116
0.000444
0.000997
0.00363
0.087015
0.000304
0.000443
0.14372
0.000508
0.000357
0.082925
0.051434
0.056499
0.045219
0.133344
0.000195
0.00018
0.000247
0.003155
0.087401
0.000141
0.000251
0.001954
0.10554
0.001216
0.116747
0.052771
0.012882
0.087829
0.091894
0.04351
0.000029
0.00027
0.002645
0.003629
0.054188
0.000574
0.000494
0.151258
0.000335
0.000104
0.100461
0.066355
0.041864
0.045828
0.136722
0.000302
0.000248
0.000249
0.003214
0.052253
0.00025
0.000241
0.003395
0.136491
0.000189
0.115922
0.024202
0.088558
0.044682
0.098711
0.00004
0.000377
0.00058
0.003619
0.104604
0.000458
0.000243
0.001093
0.124885
0.000305
0.118458
0.016931
0.046778
0.086991
0.056305
0.045779
0.000528
0.00024
0.002926
0.085461
0.005115
0.000381
0.001013
0.121273
0.000393
0.098226
0.052648
0.045896
0.090909
0.052728
0.06839
0.000163
0.000218
0.002243
0.056032
0.009729
0.000116
0.001923
0.124838
0.000187
0.097344
0.055884
0.057549
0.040761
0.091348
0.045751
0.000221
0.000236
0.002642
0.08477
0.000184
0.000428
0.001934
0.127742
0.001443
0.09232
0.056742
0.046072
0.055837
0.106279
0.026717
0.000249
0.00024
0.003171
0.086025
0.001523
0.000248
0.002131
0.103494
0.003899
0.112304
0.055178
0.011594
0.090459
0.09132
0.041824
0.000195
0.000234
0.002951
0.061177
0.000425
0.000163
0.11773
0.017063
0.000155
0.116256
0.06809
0.040027
0.071119
0.107775
0.000445
0.000229
0.000249
0.003355
0.055285
0.000211
0.000493
0.003405
0.137539
0.002649
0.11197
0.020909
0.091771
0.045198
0.099353
0.000033
0.000066
0.000758
0.003629
0.085811
0.000279
0.000242
0.122533
0.017119
0.007098
0.124012
0.009499
0.042353
0.090855
0.10312
0.00018
0.000263
0.000473
0.003212
0.084739
0.000099
0.000224
0.002237
0.140597
0.001149
0.078355
0.057615
0.043657
0.08815
0.055623
0.047916
0.000273
0.000247
0.002816
0.041219
0.045081
0.000129
0.000258
0.141052
0.000342
0.082048
0.05379
0.045827
0.055354
0.091436
0.042662
0.000132
0.000241
0.002769
0.087681
0.000511
0.000483
0.001694
0.124229
0.002155
0.094732
0.072779
0.026158
0.057157
0.089639
0.043388
0.00023
0.000726
0.002435
0.087315
0.003444
0.000211
0.001363
0.104701
0.001928
0.115994
0.05446
0.008472
0.091843
0.087116
0.057943
0.000488
0.000481
0.001778
0.041624
0.00014
0.000501
0.121635
0.021595
0.000721
0.11504
0.066398
0.041836
0.04741
0.153757
0.002389
0.001194
0.000248
0.003165
0.061987
0.000276
0.000473
0.002962
0.10521
0.000313
0.115413
0.021412
0.092808
0.04098
0.102486
0.000064
0.00014
0.000596
0.003627
0.089141
0.001352
0.000132
0.001707
0.134703
0.000241
0.121869
0.013664
0.045337
0.102888
0.044803
0.041821
0.000256
0.000472
0.003079
0.087637
0.00026
0.000464
0.005969
0.123186
0.000262
0.095783
0.054719
0.042101
0.091109
0.056205
0.042182
0.000162
0.000242
0.003094
0.088431
0.006183
0.00006
0.119413
0.003421
0.000465
0.097758
0.052737
0.105694
0.001964
0.081836
0.047265
0.000154
0.000242
0.002777
0.08659
0.000158
0.000463
0.001838
0.123716
0.000406
0.097774
0.052725
0.056983
0.044753
0.087728
0.049808
0.000093
0.000229
0.002517
0.084318
0.000467
0.000251
0.090968
0.017996
0.000281