1 3.5365595791956586
2 1.1949708493267115
3 2.6513815431221515
4 1.847745127040686
5 4.359730250029935
6 3.1480659938992925
7 4.544778220341706
8 2.257052643355266
9 7.235191568616552
10 3.734528316376197
11 0.42365140423455944
12 3.2385358907455473
13 2.981335240138526
14 6.503101155483873
15 3.3141575767456173
16 2.395096592429723
17 4.57784314651395
18 1.9439077396396744
19 6.687584202133886
20 1.7832474036803292
21 4.708038232208578
22 5.555825764976294
23 0.9614321074347568
24 1.532400302133924
25 2.980763042666169
26 15.690109018183827
27 1.4960970720022033
28 1.9368329401880835
29 15.790879157395754
30 1.7675946134337575
31 5.4218494675312465
32 0.5927809261419169
33 1.9177044834711534
34 0.9999092686588058
35 4.063208911216469
36 1.730531588842422
37 11.621432330578784
38 2.8638719468349816
39 2.2899938127808115
40 3.265595051036306
41 4.880205938266324
42 2.0744889628683336
43 1.8637418340350502
44 12.017347797243136
45 0.8203018409648986
46 1.3584356746624557
47 5.421946132747135
48 3.68540795105479
49 2.141995236324698
50 2.3374767754469334
51 0.6303857394352578
52 1.8739111204653538
53 2.643658913784174
54 2.259777840429643
55 0.8985354811128569
56 6.6999397949964905
57 2.4792010787815526
58 1.9769312958431957
59 0.6850510544714752
60 5.518158825616755
61 17.559206348123453
62 5.210777763060982
63 3.6785913439252744
64 3.5464315194364677
65 3.9518429736024854
66 11.362082718714992
67 9.584838107043764
68 1.0316300101813594
69 2.8036912589002365
70 1.8106140679115568
71 6.0068825558117895
72 2.355295304939404
73 11.538106841947904
74 3.2388339725963187
75 3.003094290058311
76 3.05862014637256
77 1.4402410360306968
78 16.687966372749226
79 6.250735491150538
80 0.42221627410431517
81 0.6270948531554665
82 3.3112686820609527
83 1.5992736583072067
84 3.510911737667552
85 0.9060651302165229
86 1.2557773920023199
87 3.0269268542410113
88 4.416256702491886
89 2.6262648785796032
90 6.7796344423131805
91 3.2022928814398806
92 4.216641015016966
93 2.0550114621242077
94 10.034593322230466
95 4.088692072467985
96 0.6719924233891734
97 2.6820414988980135
98 2.2646606777272633
99 3.129420657198057
100 2.437803219136811
101 12.498618742083588
102 2.733708196856057
103 5.8515715329181
104 3.2487062368792823
105 3.828397836468329
106 2.7407859264614958
107 1.628138517710543
108 3.1152211946338197
109 3.257972099954099
110 10.787933283820696
111 1.1477918704126204
112 0.8425476390974463
113 5.320249410987581
114 2.747019314134489
115 7.410834212640488
116 10.511199831256732
117 1.7318245261308807
118 5.470756118814777
119 2.530804784349393
120 0.8195227323763082
121 3.861236450235755
122 5.732274394496884
123 8.661808508240968
124 1.7238842189560415
125 1.8726256457958659
126 0.8634120534440952
127 1.9268419942248278
128 4.040620910820667
129 6.441584239157431
130 1.3271309989087063
131 2.9467824240994007
132 3.0897516318781633
133 3.8365656680893117
134 3.252806676447829
135 10.397589809848167
136 0.3247222802343076
137 5.2396031184941885
138 5.310371521047757
139 1.0249933023767615
140 1.3442674204871845
141 2.095430793063171
142 5.923144399292997
143 1.2010938037095304
144 13.838654547540896
145 3.7645615870745304
146 4.148104077860228
147 0.4236889269840932
148 0.9708917847491324
149 1.169136283379975
150 9.07991482030328
151 10.092712773452082
152 9.815917547133816
153 4.523253425667977
154 5.155140271476677
155 4.78772612050283
156 4.4896450898647045
157 2.978106180198773
158 6.8016912053184235
159 2.4889516912855254
160 2.3488689750275404
161 1.3502184663214372
162 4.595629638299376
163 3.6451761926572632
164 3.938990623188759
165 5.5536489615006195
166 3.7431339708378824
167 2.0615100430046853
168 4.631897470605296
169 5.2264762179450335
170 12.253762407340139
171 0.527979878303774
172 3.549424401844889
173 1.7009170587991052
174 1.0294752804192868
175 1.730808221197775
176 4.442475579048733
177 6.638616781223821
178 9.986691446200465
179 3.287335968692794
180 5.03172967756898
181 2.872847899026025
182 5.78387521487138
183 1.3549576887500063
184 2.562921184916401
185 4.020204978875471
186 6.560214855456161
187 2.1817991620694044
188 5.347056423607282
189 1.0336232250554065
190 10.621871400976202
191 6.806829659403112
192 3.9057718318090617
193 3.774749273449567
194 4.099004537407779
195 3.3235957485457797
196 1.2525410872728617
197 5.702109522374498
198 4.687363207881602
199 0.509844115288338
200 3.5916393447873123
201 7.330954752927248
202 1.331511357853639
203 1.323644769268447
204 1.9418847105027341
205 0.8622842601016931
206 3.2227030788307576
207 0.6272490536029144
208 11.52973455264776
209 3.5094526266165933
210 5.240620530373742
211 2.7872506707542652
212 2.8891300113914333
213 0.520392556044319
214 4.316048000358103
215 3.6927415991164336
216 1.6676431207400089
217 0.5828657111526897
218 0.7879840220085934
219 0.854897547376799
220 2.126652560732959
221 8.522416800055515
222 6.046445692419718
223 1.3158239208036075
224 2.358841549241943
225 4.04883851424203
226 3.7029140970209853
227 1.2020032943526144
228 2.083346856429148
229 1.6838483058893667
230 8.069910280730765
231 1.622396890972791
232 4.57024440626855
233 2.297711543915149
234 8.481309735165482
235 1.770401262290115
236 10.806626583667892
237 18.918777194171543
238 1.789369670341588
239 5.058476110218993
240 3.6426535428036906
241 1.6245795920043236
242 10.898207246173564
243 4.829348543025269
244 1.9454812219929312
245 1.7104624694114574
246 1.1370333990593546
247 5.058586744413822
248 10.168082360024206
249 6.65525309734078
250 1.9825522029088323
251 4.268257550648809
252 5.652016124134401
253 5.976567462880247
254 0.7795604315608615
255 4.919273530875102
256 0.6504099602483198
257 2.4327197685179396
258 4.7063154510255405
259 3.6148213838582635
260 2.1706659509838784
261 2.9939592145076075
262 0.11726412515542482
263 4.461540785266099
264 1.0514545419555437
265 1.6222683455889872
266 2.8570748884880866
267 6.74485800506406
268 12.083234740724004
269 1.4821336495744413
270 3.534085009602412
271 1.0632527243779806
272 1.8877956328994994
273 1.5920361872617397
274 15.674428312464546
275 5.136138555837593
276 1.0934039294946774
277 2.786903869821443
278 4.565384354899074
279 3.3205627570148106
280 2.8574464135464077
281 3.840383539238379
282 1.8052054788265288
283 7.010123193030553
284 9.373604014694733
285 5.84568367416246
286 18.004524485425737
287 1.990356179756718
288 3.452295021493375
289 1.31786646235664
290 19.39273517662141
291 1.4554158487896562
292 13.608127275134189
293 2.384206920353678
294 2.130992838792538
295 5.420432990384913
296 11.668450711805677
297 2.3279724874679686
298 4.867040607373182
299 2.0520926046386956
300 12.752060921033909
301 8.64373011335117
302 9.002369004153701
303 0.828201548206702
304 6.484759213377622
305 3.859911842557453
306 11.744652644420277
307 3.2971126656747805
308 1.5365835250214712
309 7.699255606469136
310 1.7802859179984756
311 1.1765733971493417
312 0.47919694678448826
313 2.0160098719830577
314 3.4529183119575033
315 1.6516944167456478
316 11.281277609947276
317 2.3902283590756905
318 1.7040791268837392
319 7.5456970813918565
320 11.699585832671994
321 8.735907957036034
322 3.2882777775436924
323 2.7740320498155078
324 1.4114134075747122
325 4.672766585253164
326 1.8076555512867705
327 0.8375583170013333
328 0.5694136611371563
329 2.4056849895242802
330 4.227321749226151
331 5.387128934759999
332 2.6289208541362856
333 28.39639727870701
334 16.00175252079095
335 1.3024042991043019
336 2.4284299579717024
337 1.1200759213300717
338 12.278873449336684
339 7.2606544226851835
340 3.9504274826518544
341 0.687710012039281
342 1.86837539942177
343 2.4304536296270447
344 2.0317726169380874
345 1.3788531785110432
346 6.296733770146139
347 1.4551758284119685
348 4.245350464643992
349 18.41966542863113
350 1.9597573627558442
351 5.192245701449596
352 2.434326115967115
353 3.7642653312743914
354 1.4456561380595825
355 3.521374395492826
356 14.463407285737693
357 5.338470616798733
358 1.8725369954378195
359 2.4136974770475046
360 1.488151662224204
361 9.072073843628848
362 3.744982494945001
363 2.3807346335265547
364 1.5424191951587767
365 1.1400170516564354
366 3.054985768610164
367 0.87043402244463
368 4.984090299626101
369 4.557350553856391
370 1.6901014331830442
371 4.6228212597184015
372 4.140097331586045
373 4.2066556189216815
374 6.8615823983355
375 1.2859630069098573
376 1.5881279124451924
377 2.158005039509983
378 2.147738064809885
379 4.533970210942948
380 9.486802160085572
381 1.5140068154865984
382 5.837206245167227
383 3.6370547035522263
384 6.099360490691029
385 1.298936391296088
386 1.9913768135470074
387 1.0843310830907265
388 0.5111128701115544
389 4.344969483079247
390 0.5167371848467192
391 1.240859673800761
392 1.3246304795548165
393 2.5746123393100286
394 10.37530984013973
395 2.9702026706387694
396 6.518323877825808
397 3.7627315273769915
398 1.480106379176956
399 2.455478517692078
400 2.3087961475382235
401 1.2501436114372273
402 1.1369123877354625
403 13.424274572115639
404 6.266410824511761
405 1.1865964590778804
406 8.738468196225359
407 16.084347995135165
408 4.236785651386559
409 1.8653194569096778
410 2.6872494485651117
411 2.898079377438887
412 2.070374983076633
413 1.8064189233505614
414 4.05775131285889
415 3.833866291867363
416 6.522463433908591
417 8.63277256589561
418 5.95484225936628
419 1.957666096473041
420 1.0252267034573066
421 6.191385189299955
422 1.0357321900836325
423 5.452085982060437
424 3.599245320280555
425 1.8260785234143877
426 4.397589530747306
427 2.700325031990945
428 2.891189181741992
429 10.766407547337943
430 1.2101808773454472
431 3.0311286529874275
432 2.326379654712504
433 1.1023915586310677
434 2.484760893777887
435 3.261359471324206
436 1.7017037677567943
437 8.545473091565222
438 2.2525989380911806
439 12.958695676412523
440 0.38083290673041675
441 2.5942883559660626
442 1.9922622897042326
443 5.4605189791835915
444 1.6848492361859433
445 0.5917591879097632
446 0.2849202360358742
447 4.4871953035119265
448 1.1378893686065452
449 2.253362000138923
450 3.380232047990091
451 2.257406018515336
452 2.2405234473658453
453 3.4940134674309307
454 1.872964586735173
455 2.053313443909768
456 3.3629468988028886
457 13.013242292940784
458 3.2727713514351717
459 8.55939277768342
460 4.563081956132766
461 6.3247340308763995
462 3.248152365860504
463 6.13481548081774
464 2.0853452225577165
465 8.2697033780453
466 5.866511328899237
467 1.1423672864541878
468 1.3663184351465971
469 0.9053972349940714
470 8.430028124074896
471 0.8251954524363965
472 3.6203092220416977
473 6.480870881965577
474 3.370263476079104
475 7.9334533101704405
476 8.32414068137647
477 0.7465285972496823
478 2.3652406258062966
479 7.277148620663432
480 2.090136902580835
481 1.61763887801581
482 4.703394575615565
483 1.897740048347208
484 2.0541769254891538
485 3.9746659944091682
486 7.000981571665172
487 3.3637267956417465
488 9.955124795902941
489 7.271999867020735
490 2.0244947888778393
491 1.9106438894853859
492 5.960090611054045
493 3.359694888487373
494 7.7941262444663595
495 1.4328765756148105
496 5.2463933469253226
497 3.5265122623918153
498 4.993474575983519
499 1.2047767645014393
500 7.492673137630602
501 1.179656605148253
502 1.2106882369963796
503 4.773996175056415
504 2.4940682978771136
505 2.643088336473053
506 4.501953784993391
507 7.938396207564394
508 7.53810596588145
509 6.801864359152463
510 7.71550712224299
511 1.474108326719286
512 2.923981313606702
513 1.1216902463700418
514 1.811356682385805
515 2.695133854772226
516 4.711751693636067
517 12.522516964436601
518 2.3642209908515808
519 9.060668643675927
520 2.1897893201687064
521 5.605023458479496
522 2.6080394329641803
523 9.468203840083916
524 0.7140798033540735
525 8.284784274145416
526 1.5086639518296032
527 0.7312603228964243
528 2.21966443291934
529 5.89303176547639
530 3.8249988994584347
531 12.639218243092058
532 1.7759762374718486
533 7.310065459416732
534 2.814969055111367
535 1.3695925046064958
536 0.9105589187003208
537 4.620920267931931
538 1.282282790329869
539 4.5118702451393915
540 7.247150201051604
541 1.1505226277045193
542 2.2219277555033545
543 5.367779368107779
544 1.3229032242401346
545 1.2082345710619653
546 1.9964921417829704
547 0.6633663156376453
548 3.2995789840101586
549 5.217262617987644
550 1.4867343669614925
551 6.628776643494689
552 2.777142675370058
553 1.335080126524456
554 1.1356413076119032
555 4.540745397735235
556 1.4677755169041709
557 0.9170908695806336
558 1.6670147163958173
559 0.6401752303893729
560 2.889385231268498
561 2.5550303708635758
562 2.0719895873053686
563 2.2443487317587523
564 8.34798005994336
565 8.107079120438726
566 11.482071438602352
567 4.101769691853678
568 9.283095560371464
569 3.124692895552878
570 4.609872749347395
571 11.733607297208598
572 1.5847976422385142
573 2.6144043671067654
574 6.52819918166102
575 1.793354296722365
576 5.586299872277002
577 4.277966015582737
578 0.8581722261460596
579 9.144343135244181
580 1.6335114061174414
581 6.109151167651007
582 5.211029622155082
583 0.5075614072083608
584 2.0498436271510343
585 1.9590264099447612
586 2.064234106709968
587 0.7329023222452621
588 4.001923870438168
589 10.028153650160734
590 1.642846329411183
591 0.9959933986877284
592 3.1585561187292384
593 4.274692976225433
594 1.4258451080856074
595 2.129639809180978
596 5.652240025473559
597 1.1588431185279828
598 1.0890898123823343
599 11.140954656904867
600 6.629240283468154
601 2.922099120271544
602 2.053895145609736
603 4.646051492185938
604 4.411212504284344
605 5.308582451018959
606 2.016465896103657
607 11.966263422459363
608 1.4632998249371632
609 3.8679544330706177
610 2.673960256508326
611 2.4702844945695315
612 2.0974642816264857
613 4.180150660580114
614 5.8837605109509425
615 2.3411945812987445
616 10.760707014823659
617 2.8826391141942387
618 3.063027257872232
619 2.6952202570098347
620 4.451180271984681
621 1.4241787575602025
622 2.0689887725349165
623 3.787831735165673
624 14.929086342366734
625 3.3717053105604196
626 5.888103277960344
627 2.5007451836584824
628 4.381923906433939
629 3.1941918178896693
630 3.378550435751531
631 1.9804358664367046
632 5.527373052204167
633 1.6083569355606888
634 2.0946362409343466
635 6.218335075936074
636 5.257305075133677
637 2.883956590685758
638 1.709031176620072
639 0.8424166631037677
640 9.544219066853152
641 5.360970587622452
642 6.874967671451098
643 1.561464464818044
644 16.37970973896601
645 3.335479244564951
646 1.2277208166570635
647 5.307951505767878
648 1.69785969111009
649 3.8424328395769716
650 4.023338207055455
651 1.1535181296381072
652 1.7442899406897834
653 13.59057685085289
654 5.311885173237205
655 2.568068899919338
656 0.5822020549975914
657 3.952788733963907
658 3.655085581716537
659 1.0659747070795709
660 15.74343409343637
661 11.07093933940448
662 10.21671969565886
663 0.31590185783939784
664 1.8390947487298814
665 1.940383714846755
666 2.304325778012021
667 3.378091394016896
668 2.0737261030687604
669 16.863049599206683
670 4.441184997274519
671 3.7370027477889085
672 3.329091480557032
673 3.4677687582195214
674 2.6771278911948584
675 4.9164176268588085
676 12.433142379515113
677 6.512710691225065
678 4.469380580000773
679 4.562476949008541
680 2.0371027372244956
681 1.2181106036749672
682 3.7105880528008055
683 7.198839183442518
684 6.3290619355619055
685 9.18258882862839
686 7.0626026147759005
687 2.695990098654304
688 6.942815983358632
689 8.053102067459616
690 7.0997279217090465
691 3.6433982020230298
692 1.9076363271106593
693 2.696365048428273
694 21.57542828132572
695 3.0756688777051084
696 12.64309955316507
697 3.968978967905987
698 2.086904479011089
699 2.0010392993910275
700 2.4400769406882876
701 5.777697731390708
702 1.306894411875166
703 5.136489919904707
704 3.777822138706294
705 1.4055554133498414
706 2.183706616330117
707 2.66853127815117
708 1.7874334280259072
709 3.1928032190088893
710 2.5714342748792838
711 6.836497272212444
712 1.1122458491684655
713 2.5678113609827116
714 0.5823759428299167
715 1.563466046012729
716 10.260420109758819
717 4.747451562670887
718 9.153689149830045
719 4.067178321414051
720 4.624656041636553
721 3.9563555025413457
722 5.536462143879371
723 4.4375862970071625
724 3.7373181075718334
725 5.846178595110532
726 1.3917505820436689
727 7.879257605099075
728 5.241566126947553
729 5.300358075641019
730 0.8769911632234544
