26
40
69
34
26
90
76
57
71
55
53
79
73
26
22
66
56
58
59
46
34
42
88
70
54
75
86
88
74
12
41
72
81
73
72
55
55
75
70
12
89
39
57
60
23
66
65
14
53
59
19
74
43
82
14
59
48
80
38
89
36
80
88
67
87
68
53
35
28
35
74
60
43
10
22
25
64
25
22
80
53
73
87
30
45
67
81
28
28
42
83
43
58
36
20
67
64
45
31
73
46
69
28
57
34
69
51
74
52
84
74
40
73
38
41
15
62
15
68
78
14
61
81
50
79
62
17
12
32
24
27
29
47
38
32
24
82
74
83
65
90
21
82
77
55
56
64
48
32
29
75
69
27
78
50
50
38
16
19
84
12
25
62
84
51
41
26
63
45
45
56
19
36
19
64
48
18
65
13
69
56
47
41
20
87
30
12
64
36
82
47
61
24
68
73
16
80
18
30
32
24
85
73
37
71
15
41
56
63
87
71
18
75
90
68
32
52
20
68
30
13
35
39
44
87
12
82
87
73
71
65
32
41
50
72
58
55
32
34
39
49
60
16
76
26
16
14
45
24
67
76
51
69
59
17
53
61
39
28
76
48
57
70
84
33
43
73
22
88
88
62
18
76
85
29
20
11
88
62
79
22
31
56
64
64
11
80
27
46
89
12
83
28
79
64
45
22
83
17
29
29
43
64
13
85
22
50
34
51
83
69
74
67
11
29
10
17
75
88
68
63
18
54
48
32
74
69
17
27
29
84
19
60
78
62
43
14
51
17
57
85
23
56
48
17
29
14
70
30
26
60
33
51
11
13
72
80
64
23
20
69
64
53
13
39
52
75
50
45
32
33
26
52
88
43
24
54
24
32
23
41
48
18
25
30
86
70
13
31
68
28
74
87
44
24
30
68
66
43
52
38
65
36
45
53
57
51
20
38
15
23
49
71
79
61
62
20
22
85
54
67
27
23
38
20
72
19
10
85
59
66
69
11
10
47
52
27
30
18
58
68
24
86
89
60
59
49
86
43
81
76
52
46
40
28
12
51
87
56
54
30
51
84
42
67
47
85
67
76
28
45
76
84
70
82
81
27
89
83
33
36
41
66
28
69
48
63
18
38
28
76
20
85
63
37
72
63
36
10
29
