105
138
66
84
132
135
87
150
102
69
147
75
81
132
117
108
126
93
66
108
144
93
111
132
111
120
102
120
129
75
132
123
96
81
102
72
132
69
75
99
150
111
114
132
96
87
147
105
84
99
114
120
75
69
102
105
105
138
108
63
147
75
96
102
72
60
123
111
138
93
123
105
141
105
117
60
81
135
99
69
129
63
66
102
120
144
69
147
147
117
72
78
150
84
90
150
147
105
60
135
87
135
63
96
99
78
90
72
150
114
93
117
99
99
132
78
117
66
129
93
75
84
105
93
63
135
138
111
66
144
123
72
93
126
108
96
141
138
144
96
144
144
60
90
114
144
150
75
87
132
120
60
96
60
141
129
96
150
72
99
129
105
147
132
84
90
96
129
102
132
123
60
84
60
111
99
99
120
141
111
150
93
63
72
141
72
111
123
87
63
105
138
87
105
63
150
84
144
141
126
99
75
135
84
84
69
87
78
78
150
126
117
141
60
75
150
141
141
129
93
150
81
75
60
144
75
81
60
117
123
81
105
60
90
117
99
78
105
102
141
78
69
135
120
84
60
87
135
117
105
129
60
126
138
99
81
138
132
129
69
117
147
126
96
105
102
93
123
87
96
90
123
117
84
90
141
96
111
123
138
99
78
129
147
129
69
102
129
90
111
138
105
99
141
111
120
72
135
78
90
135
63
69
147
129
126
114
108
105
147
111
93
102
87
63
96
90
81
111
135
123
132
135
105
93
135
60
105
72
123
105
117
60
129
69
138
138
129
135
141
138
99
78
114
60
60
138
114
123
111
150
117
66
120
141
84
123
144
93
75
135
84
96
132
72
123
108
123
72
111
84
75
120
84
135
135
90
111
102
132
69
81
147
105
135
105
84
72
111
105
138
150
90
141
81
66
96
75
117
120
141
102
75
120
78
120
123
81
120
81
66
81
135
111
129
120
69
105
81
87
90
132
123
69
60
123
78
129
69
99
120
63
90
117
132
114
126
141
66
72
81
84
150
75
66
132
114
93
84
144
66
63
78
60
72
138
66
60
114
63
102
123
138
69
126
93
93
78
105
78
75
132
90
144
96
141
69
75
129
135
102
60
150
117
96
102
102
99
132
66
117
81
129
81
105
66
87
141
75
132
