42
46
29
32
26
34
38
38
26
49
34
30
20
20
27
27
27
31
48
24
31
23
38
36
26
29
46
26
30
34
33
36
42
22
40
26
22
22
46
37
38
31
50
24
23
27
22
26
48
50
43
25
23
32
40
27
22
24
23
42
22
30
33
43
40
24
35
36
27
22
31
21
35
40
37
34
21
46
43
42
42
37
26
44
27
25
25
37
39
50
37
48
43
44
31
39
46
29
23
37
47
41
32
28
27
23
34
38
21
24
36
21
46
30
36
28
50
41
30
43
22
23
34
21
40
20
36
34
36
43
41
37
29
25
26
35
50
50
47
43
31
32
40
33
38
38
49
46
39
25
31
22
42
43
21
29
20
29
25
35
48
45
37
43
42
43
22
50
21
34
25
26
29
44
31
24
26
36
44
44
32
48
38
44
43
25
37
50
21
47
35
49
29
42
47
34
33
42
26
50
40
46
34
25
20
39
48
33
48
33
26
30
37
24
25
23
35
38
27
30
21
21
45
23
48
41
50
47
39
28
46
42
21
32
23
49
45
24
37
36
20
37
36
41
31
23
34
30
23
29
31
38
26
50
31
26
20
20
22
28
38
42
28
35
35
30
29
43
50
38
36
41
41
23
49
25
22
22
39
41
48
36
25
50
46
50
30
36
45
48
32
48
37
28
43
35
26
48
29
46
41
26
23
26
26
32
43
20
47
28
49
33
24
36
48
45
26
28
21
28
39
39
27
50
45
25
35
20
35
31
31
34
26
27
35
27
46
39
25
33
23
50
40
44
21
36
46
29
35
23
42
41
40
33
45
45
37
41
43
28
37
20
42
47
45
49
20
23
46
22
34
41
50
32
21
20
46
45
27
41
50
43
39
21
25
38
32
38
22
22
44
37
41
20
40
30
43
38
46
21
34
50
47
22
42
45
29
32
45
39
28
28
48
34
50
39
33
29
26
39
39
38
47
22
22
41
32
21
28
33
28
29
48
38
41
44
38
34
43
24
27
26
28
27
37
34
21
39
40
47
36
23
32
34
27
23
21
27
25
30
38
40
37
24
34
25
22
23
46
38
38
36
29
44
33
46
25
21
22
30
24
36
39
29
42
49
23
47
44
49
29
31
20
38
48
43
32
49
31
28
