90
75
130
105
115
130
150
150
75
80
65
125
75
60
70
105
80
135
145
55
100
50
120
55
120
130
50
145
65
60
150
90
145
100
130
135
90
80
55
130
130
95
125
110
105
120
60
115
60
85
120
75
65
115
95
125
70
75
110
65
60
130
135
145
110
90
140
145
105
55
55
90
140
75
145
80
125
100
95
120
60
120
115
85
85
110
75
90
100
105
150
95
65
140
70
100
105
70
80
60
80
75
70
65
140
60
55
65
60
140
95
135
110
55
55
120
70
60
75
75
135
150
90
150
95
110
90
80
55
70
80
110
140
65
125
70
55
70
80
90
145
50
85
95
125
125
70
90
60
95
130
110
90
130
55
150
80
65
115
120
90
115
65
115
110
50
135
145
110
130
150
75
90
65
100
120
140
150
85
135
70
145
55
120
95
70
80
125
145
145
70
140
135
125
60
105
120
60
135
95
130
55
80
50
130
110
55
135
65
150
120
70
130
120
85
125
80
95
80
105
115
55
85
55
110
130
90
100
85
115
145
55
135
90
105
140
80
100
80
65
145
55
100
130
60
55
140
50
65
135
80
110
110
140
75
105
145
150
75
125
140
140
90
55
50
145
145
60
80
70
100
140
90
95
50
135
90
75
140
125
75
110
110
60
60
110
75
110
55
110
150
110
100
60
105
115
110
145
120
50
145
150
140
75
130
90
100
105
150
100
115
70
140
150
95
90
95
90
105
90
80
145
130
70
100
100
100
50
135
120
60
130
100
150
115
105
90
65
70
65
150
60
90
115
75
70
50
120
135
115
90
75
140
60
150
145
60
85
110
105
150
95
95
120
70
100
65
50
100
145
85
50
125
80
90
80
120
105
120
75
95
100
60
90
50
105
120
150
105
150
55
95
70
95
150
150
85
130
105
140
75
50
75
80
95
85
145
95
85
75
110
80
120
75
135
55
150
90
75
105
60
100
65
145
135
145
135
140
65
55
65
95
150
120
55
75
90
95
65
80
100
110
50
60
115
70
140
100
50
145
150
150
50
70
65
70
60
65
90
115
145
120
70
140
140
60
65
70
135
140
90
65
95
130
75
150
120
100
95
50
85
85
150
95
110
95
75
115
80
90
135
105
135
130
145
100
70
115
120
80
