1 1.4200381588708142
2 4.224848522223168
3 1.3356223821196127
4 0.8389651502009362
5 5.610851708775921
6 3.437693545087927
7 2.160629593297527
8 0.5533417582975679
9 2.009485192594888
10 2.7628951264561556
11 1.9058136498567733
12 3.570914717470752
13 3.4219415683429744
14 0.6391000660327532
15 2.4451271896008744
16 4.163821880875038
17 0.7306352943941216
18 1.629088526241202
19 0.9708570425451173
20 0.5808614904081578
21 0.5185446090214406
22 2.200564220359926
23 1.820198631915526
24 2.190155163879809
25 1.0274811467299094
26 3.4843943372879727
27 1.7977996226629138
28 2.204238882784193
29 1.9432989370733549
30 1.7435452460930576
31 4.185431429393029
32 2.145803832497021
33 1.3042339609335096
34 1.2454817734835346
35 1.3504030000267906
36 7.0136332166868485
37 11.144794016391117
38 3.1867288759452648
39 4.776321345159099
40 2.0238715133082956
41 7.170841056115435
42 1.4812850951070604
43 4.275079102868462
44 3.392755613701247
45 1.007997285160538
46 1.5445667200602204
47 2.4880642082051803
48 2.907499748817396
49 1.220929331519673
50 3.9443562513986095
51 0.8608560300571184
52 0.717202142811876
53 17.318781875067604
54 1.0938600891401553
55 0.7754674268924883
56 4.039891322895658
57 4.3708538273573065
58 1.303800773048781
59 0.6342761371519058
60 0.2064605073783941
61 7.816062581920981
62 3.1400879331619813
63 2.990676002684242
64 1.6260708010940235
65 5.852676621647848
66 5.508137094913712
67 3.674520582392879
68 2.4872277763490462
69 2.9631097763560126
70 2.5463220500170998
71 1.8493141052788966
72 4.699841538644737
73 4.937780489144011
74 1.6359512660494884
75 0.6794732928484493
76 2.443744869420263
77 1.3971214299533161
78 3.7408141214839303
79 7.3824063788560705
80 3.7678383760817136
81 2.2834255207653213
82 3.8634908652801925
83 0.8955598464467206
84 2.103126555142173
85 1.4610027269057644
86 3.0223563720694644
87 2.3303658201992103
88 4.1352270792148795
89 4.818878502022739
90 2.588875034977128
91 1.1105036057914892
92 1.0760190558139788
93 1.029404842945808
94 0.3827567943462745
95 0.21670052996854922
96 1.994175408623341
97 0.550350803060007
98 4.070780395372337
99 2.938417219492029
100 0.8455646214135417
101 1.6673530734517599
102 0.6212043131546161
103 1.4925159980818299
104 3.6956466855583128
105 3.767332586282571
106 2.6949159736897346
107 3.7216724661641014
108 1.9642720803638798
109 3.5553424379137972
110 5.464366085976919
111 2.019877309537893
112 1.1722978495207628
113 1.99171862593879
114 1.0249133781449773
115 2.5370090637338736
116 1.0610185914071502
117 2.7566339246303095
118 1.8129907712159474
119 1.6447329920909317
120 3.9915159227556347
121 0.36874715470980246
122 2.7657171156432048
123 2.4895101968068634
124 1.9315937600060165
125 1.8212285919382034
126 4.186005547743047
127 4.772514896741542
128 2.258460037479025
129 6.023777349162247
130 1.4509713843821734
131 7.117862710328349
132 0.3707166845273995
133 1.9691820980018782
134 1.680534009353803
135 4.146921365136124
136 1.6314995645095733
137 1.5690659410242538
138 2.2018692659446217
139 4.647243671476666
140 0.9086392531724271
141 2.510239635082379
142 4.0217982511409
143 9.739159346973985
144 1.8826073021823222
145 0.8226468491159065
146 1.1236947265533022
147 0.3856695633379962
148 2.190152812943259
149 0.7674214630940461
150 0.6941824174212303
151 8.386450606791037
152 0.8860815737161797
153 0.7096517388177608
154 4.065587596272888
155 3.8837283676177203
156 0.8879527841479397
157 3.827802876119195
158 0.8984302654241308
159 0.7203619362560573
160 3.019555364181823
161 0.6921118835379919
162 4.1208839972921805
163 0.7490773153005709
164 2.554622555304434
165 3.153546229770765
166 0.9322116941839165
167 1.3113190966032673
168 3.190291632316329
169 1.5755856633975638
170 1.9286466284797756
171 2.280681513308925
172 2.579712862288807
173 2.118579949636867
174 0.47340119289914034
175 2.3229823667239993
176 2.521165443432592
177 0.7381378382964489
178 2.723257590498369
179 1.5052998226779515
180 1.8312127060681602
181 2.7463297140258223
182 0.9804395651229908
183 1.6067703718716801
184 6.454657530280443
185 0.8450190338337307
186 1.8819497672526768
187 6.477032638735599
188 0.5113122674704494
189 0.6456580762047679
190 3.632007028604691
191 2.075822041845258
192 1.7269753409868263
193 2.5352423899990413
194 1.7527382693053795
195 0.9501832930953182
196 0.790925584461312
197 1.0919513743739389
198 5.241227048723008
199 2.898873395188197
200 2.9663950830038317
201 5.288110757181939
202 0.4892291778159873
203 1.3507810810879977
204 1.4186172992241424
205 4.026080084860037
206 1.7780777277452335
207 1.9449008235585281
208 4.139180747698943
209 2.384226093026139
210 1.1294687464843154
211 2.774618348574175
212 0.9353604177774343
213 0.32245345308640927
214 9.230626254440017
215 0.8085003256920029
216 1.0816563849179108
217 6.302399827402349
218 0.5249427442236465
219 3.607325859147845
220 2.1167149933069798
221 4.151876466501559
222 7.555065856355528
223 1.7052801492654817
224 2.1100942452232982
225 6.861324185175184
226 2.522859762221247
227 3.544092453987308
228 5.397166341521714
229 1.3160910260220866
230 4.256470810816273
231 1.1177334671795263
232 4.343619375409497
233 12.675954192830867
234 0.2402053445765187
235 9.804840584500065
236 1.839248300517496
237 1.357781558680755
238 1.853187084340282
239 3.5118788088913244
240 1.1020183650593114
241 2.2339711372287776
242 0.29005935895757373
243 0.9605321477688901
244 3.4153252616205276
245 2.4350503869997575
246 6.154221915508828
247 2.2736908038937904
248 5.9013829967011215
249 5.976263066597118
250 2.037742426481922
251 0.11033350901304641
252 3.3633511254229824
253 0.6733118458020733
254 0.7089603613244295
255 4.070213519986856
256 2.069390296019432
257 2.7293351599627966
258 0.7690519462153926
259 1.4568367030765137
260 0.4148321450313436
261 1.3691168980897832
262 1.395497426479021
263 2.977511392841272
264 3.6660369198359617
265 0.6164117407469946
266 0.7864100873347877
267 9.303965816263343
268 2.3574265814147504
269 1.9423922616897356
270 1.1215735956291382
271 3.0920596268407587
272 1.7107500686736374
273 1.7629548884637858
274 0.894484901913893
275 3.9042729638929483
276 0.7584645288905785
277 3.8372317028496044
278 0.6168285924494654
279 1.0381632944269934
280 0.8209033365701245
281 1.8260372159542515
282 1.1855037593914077
283 1.3607966189554022
284 5.786634683692144
285 0.901813028214694
286 3.550110597571329
287 2.8214769006463776
288 1.2635966098854468
289 1.6490656524530711
290 1.9839677068589947
291 11.2183139631337
292 3.7271483007387083
293 3.790812123658677
294 1.9220234369811546
295 3.175997177941092
296 3.0550641159764305
297 1.108079970563921
298 10.485808104765226
299 1.112015227780499
300 2.819970458102
