1 8.661914347968235
2 6.068950732986188
3 5.654889777871228
4 5.298127291853374
5 8.630654664537571
6 3.0984981562332927
7 9.913617759897157
8 6.474379387005803
9 9.145847532685522
10 4.31225860342018
11 4.1756848605017876
12 1.9852318847394408
13 2.8526391894192336
14 7.4612911015286425
15 4.928921138241273
16 4.373559555697487
17 10.943380438769111
18 5.286032260726993
19 5.090400084166125
20 3.9225819364043786
21 2.861095362030417
22 7.251591778883307
23 11.259605474199923
24 5.686528041766574
25 13.581104325560787
26 3.5126791729941402
27 4.250149983680398
28 2.1913307984237305
29 3.9831080500723
30 11.82897614334486
31 0.600513161703277
32 13.778685920147636
33 7.595300171789821
34 1.1116174051920285
35 9.101678718846284
36 9.324889071888517
37 5.820699445609332
38 1.0522615343759179
39 1.6867150349678361
40 3.4743523506901353
41 2.5516716967842434
42 5.429397426198248
43 4.461065708276662
44 6.074726849156458
45 5.872994389459843
46 8.29015935569012
47 13.860159353007196
48 2.1328693410070274
49 6.281413935183042
50 0.7169423284621937
51 3.192929252552266
52 13.669501216385001
53 3.080892354534813
54 1.193535465188678
55 5.049509256317243
56 1.2222398246205746
57 6.300723805065528
58 8.828392491606046
59 14.680511830222208
60 5.951448224044879
61 2.7628366752156244
62 2.9203054752175777
63 5.03789201934728
64 5.043608092561465
65 2.432862294578849
66 6.090133607838534
67 8.338810093015713
68 10.199713176360616
69 10.166439057148065
70 6.437749352180014
71 14.853499718419304
72 2.080900065607539
73 0.6754236870499702
74 3.2030779933773634
75 6.022192258881168
76 4.120001347450856
77 5.422745432715333
78 7.8998671805098155
79 9.866184703694572
80 9.468193844047509
81 9.45555318551195
82 13.330096065951626
83 0.6944023994652431
84 2.3860652578286405
85 0.4041004824341019
86 19.804382806654132
87 4.793395712939316
88 7.507977109392621
89 6.388386988358557
90 5.805595959564918
91 5.3021526220465
92 1.6651712717534597
93 3.85049811010196
94 4.048582300957204
95 4.050376332398697
96 4.50707790958473
97 5.2903797992548585
98 5.099891458738108
99 5.354414389577825
100 4.241514566421055
101 4.2475738236004545
102 5.57116699443735
103 3.697715537070935
104 3.894859466314641
105 4.4718303520345195
106 0.32929860152807616
107 7.617249437828786
108 3.0382247299711738
109 5.3536387955543905
110 1.804024778993213
111 1.8280421698937326
112 5.122921787427205
113 11.969142556521684
114 6.43593356781364
115 11.250955985668805
116 2.5127427813843712
117 7.326615225974428
118 3.8010383457295185
119 1.3206967757673955
120 9.519115044593596
121 3.3915233884223666
122 5.703324112782065
123 5.98662590314179
124 1.8934223690752834
125 3.007981246934866
126 5.083573583845296
127 4.7835613520155995
128 9.661255053369924
129 6.279440388828986
130 3.5851692876371644
131 4.651860852699198
132 2.3178244883586383
133 5.184168047853775
134 7.613344322169956
135 14.433148980912062
136 6.581448417865215
137 5.820560515427367
138 2.834298064559051
139 6.29049295300124
140 14.075379817601334
141 2.564686212855031
142 11.254245450339706
143 7.922147280883493
144 7.804274673697863
145 3.5963658577226725
146 5.9310502598582655
147 4.724897158872556
148 5.003901928119966
149 4.121420011927717
150 2.3069186210251242
151 6.2920167798348565
152 6.299323557650478
153 2.6908822869930016
154 5.746775158800352
155 6.909764243113197
156 2.0591235013733633
157 2.0037372314756774
158 5.2766201000341075
159 3.0696626580575637
160 2.336975920915976
161 8.580982534381242
162 2.8787478735856555
163 4.356829028091225
164 5.628792143376087
165 1.9309051840520706
166 12.030051578844903
167 4.998798793243802
168 3.776553683098073
169 1.5810628407923453
170 2.1418729607571745
171 3.476073117531539
172 1.0276346481243221
173 11.04184395422428
174 5.940505234798482
175 1.8029185599350448
176 8.633929489728715
177 7.506307280692362
178 6.665321998614579
179 10.42254862794548
180 11.549174784465173
181 5.862408448220955
182 4.409623605027742
183 3.3904299109296585
184 9.042619662329223
185 3.3119021517791105
186 6.569500674772101
187 6.997154265844079
188 5.002707314421938
189 2.0449448824058156
190 2.5087643399927835
191 7.436061071322054
192 2.5518706415421386
193 3.2170190124991045
194 6.859974166150304
195 4.8867432482073205
196 1.775981991895437
197 2.899422974550536
198 2.6243790251096786
199 5.914902380904019
200 5.05493132212529
201 2.393771383723937
202 4.86830909208564
203 5.422933467643703
204 6.715115999790792
205 3.6589849943588018
206 3.4273923916881537
207 1.964736202939839
208 2.4347983983101336
209 8.482919588815385
210 7.449451918037725
211 5.365283540221897
212 4.659911603755602
213 2.3568727955938473
214 5.873947846200523
215 4.561983606744989
216 8.11225803196756
217 4.52637628026144
218 4.674850090812036
219 2.870259334304243
220 8.768143767295307
221 16.64786647737548
222 9.065419162216058
223 3.0662190322952636
224 2.284124580408203
225 3.0329600586292034
226 5.274355860127126
227 4.9104400129805414
228 12.739665094041204
229 4.060738108487107
230 7.738319579978182
231 30.14397043896182
232 2.1093015523586662
233 3.954674696196415
234 1.258704045287866
235 6.4790086406382965
236 3.6420608251779423
237 3.9020091758076054
238 6.254577740552976
239 6.372572073300931
240 8.114927089045135
241 11.153128828439867
242 1.9405902817195382
243 4.257536023623923
244 5.651146955745053
245 9.34157743320726
246 8.852727548737867
247 7.146291353945706
248 3.8513208669644734
249 6.33378897844554
250 2.9598416086589685
251 12.853072695452079
252 16.34683023887569
253 1.8272262101101324
254 7.821842887858811
255 3.559963900520312
256 4.4193052594254265
257 2.599519763654911
258 7.207356461198233
259 8.183475975399576
260 9.544244774492324
261 5.027742076015126
262 5.352888015173886
263 7.5949582692541435
264 1.5298727158552805
265 9.356496016905473
266 6.2532249830203295
267 9.906147437909253
268 1.93302936696117
269 4.597253030242806
270 8.27814702461799
271 12.450648629743565
272 6.009669162225272
273 7.730068323801855
274 6.313077490119761
275 1.501927174017067
276 11.562229366490191
277 8.590794443522858
278 10.999038911076353
279 1.3662433320032452
280 7.076568939484633
281 5.142585245345192
282 8.407385533867012
283 28.32138067588123
284 0.8040348098657675
285 4.395200929665257
286 4.594532756804917
287 6.054505138536792
288 2.4242742936609836
289 3.999642230165122
290 7.902050426346032
291 3.747985517303493
292 7.263129612713874
293 19.492312871076322
294 0.7113275237849521
295 3.836093948328106
296 17.080295135213618
297 0.9402075097028385
298 2.2346657196133513
299 3.4711312496650852
300 1.578442263306155
