1 16.829138978373344
2 11.99633366401861
3 2.4955550328631584
4 3.6328999306230236
5 10.471297844631431
6 3.9355631204004133
7 4.406533221533393
8 6.016803179542802
9 5.817561800956877
10 6.829651760618268
11 8.350429290570785
12 3.633017170195324
13 5.321924803212501
14 19.014897813141488
15 2.038194747483947
16 3.4243228696124097
17 0.8029486269551377
18 8.915022373638287
19 2.688206495948396
20 16.3696284180343
21 2.4536400934668663
22 3.599626883699669
23 6.740776583431948
24 3.2828372640265746
25 3.7048542542917895
26 7.64126238021339
27 2.4416290879058913
28 3.6904604439502866
29 3.586228272680915
30 3.2828246748549472
31 3.113359615886983
32 2.426224414425886
33 1.0730310385669661
34 3.0154988584501354
35 4.207160811844546
36 4.509423484993657
37 4.94335058293542
38 1.8781241963949054
39 1.7645298988993436
40 3.5175577226564965
41 7.44879420397473
42 12.358872419572403
43 6.6037712798293065
44 3.872742782163541
45 1.8154521825976966
46 4.45675696777758
47 13.736600391545405
48 1.716129684868525
49 8.405287345134939
50 4.664539994943541
51 12.374695798555264
52 4.705944741750894
53 5.412563449269566
54 2.3514229816557206
55 5.237566538174689
56 1.8888286848839964
57 1.473474865106231
58 1.4109285503076319
59 3.6158197443765006
60 11.426486650725426
61 1.495902586516837
62 6.395888964615299
63 0.31765675043796676
64 7.488503158577717
65 2.1644298061927785
66 1.9547653453916771
67 9.330601754995817
68 2.7016623118240313
69 8.951590308052813
70 5.783180077945541
71 4.37751445116764
72 3.9503981245155986
73 4.153170014702762
74 5.13384362305727
75 11.898073996255341
76 3.120516279982201
77 7.468622079943378
78 2.6626095599588337
79 0.6764133407436844
80 6.878734887858303
81 6.392139570536162
82 6.299327377032773
83 7.919843955374834
84 6.227764403633119
85 16.08706777817471
86 5.243287521708886
87 12.008137615347913
88 3.2450189688885076
89 4.108581657482353
90 22.194621172854422
91 6.604696024344663
92 2.8270290951470267
93 14.392723186287201
94 4.319102488612019
95 2.5906047693991563
96 2.2998956923182656
97 4.7739550514255455
98 5.330475124485258
99 2.9915336498960428
100 1.106208729695713
101 8.725646510303672
102 2.0981546147326586
103 8.0679851161645
104 10.228604091167462
105 1.1273293465388892
106 6.9573750872442455
107 11.705316828596112
108 10.907200952374081
109 3.259714034472499
110 5.650888693367685
111 7.4163255043288885
112 5.8827044070091405
113 4.576034442726836
114 5.532058015085994
115 8.772501932596658
116 1.5396846226243515
117 3.239392521855415
118 10.699671725097623
119 2.7590912229875433
120 9.528408356666832
121 9.457400703635576
122 5.987206809606763
123 1.3660218457210949
124 4.0287321870850175
125 10.754832712570078
126 10.693485483218963
127 7.816060776951947
128 3.7987981303275498
129 6.963596926208956
130 4.634245513373339
131 2.2457184635715364
132 6.365615488872767
133 4.385533852601486
134 7.5406193939983694
135 2.287358026128885
136 17.996994089820657
137 2.0219161899255456
138 16.68203275900536
139 1.3765697846120377
140 8.2054333303942
141 11.631805112028179
142 10.975609742307512
143 5.974073823418377
144 2.4621481712703943
145 7.099658093075709
146 13.00399142923697
147 7.37308205997362
148 4.053031315918741
149 1.5674954689475167
150 1.1208825564335398
151 9.178634426120055
152 3.8465624230458006
153 4.921443128126873
154 7.987223630834013
155 1.9440451912804684
156 3.2245876452356943
157 6.4023685616217225
158 3.63922020004211
159 5.069010221166243
160 4.310955805861713
161 7.79081438843856
162 3.656910298864973
163 5.454657765474699
164 3.858159197928133
165 1.5971906790156964
166 2.3442251618392436
167 8.008390287788908
168 1.3239314875553945
169 7.710616405300072
170 1.2875605984451577
171 9.769653559672177
172 0.39986971236789126
173 7.518981527837897
174 3.05701287436826
175 4.467800158000744
176 4.405822264660777
177 2.928696347465801
178 1.41794624904499
179 3.497967526607159
180 8.830133379138283
181 18.054282283717043
182 1.938451921879863
183 3.3825102096648356
184 1.7463854787845188
185 3.286672802268281
186 4.783109057011622
187 6.936836190168504
188 4.255598709598183
189 9.127629173157624
190 14.355720193224254
191 6.043313991014443
192 3.7052247084361283
193 6.56783025223333
194 3.6409234360361986
195 1.5406890569399838
196 1.8258156150178593
197 5.300421175406877
198 4.728202771731778
199 4.596933802964753
200 12.538504887560403
201 7.675374579562305
202 9.611011139469305
203 7.483992248483024
204 7.881037744416174
205 6.581495841629457
206 10.58964770720661
207 3.639948670615747
208 7.7309032070060315
209 1.5578456469942068
210 4.368649746491369
211 12.029009301557679
212 6.715739375562815
213 6.537625269920053
214 9.868598872962448
215 4.916874053479776
216 4.162617520403886
217 3.663418727563086
218 8.17950549561774
219 3.880906031188327
220 12.388809403078145
221 5.825264438618003
222 5.570456251018926
223 11.347538026175647
224 2.2457050029908734
225 6.8917475778250585
226 0.8450187122116226
227 1.6103045829636218
228 6.942613850944435
229 9.285108376604493
230 2.6941817243151585
231 1.272269758415658
232 8.085792494654944
233 2.5991359744935463
234 6.675264150904919
235 8.136267954243154
236 3.931329473720096
237 4.983602089224244
238 4.025136334780562
239 7.781890814370733
240 4.338390625760813
241 6.413118473040728
242 2.798611177170815
243 5.294000751173068
244 7.738070503312056
245 0.7634918265417407
246 11.951273477297704
247 5.85400704888182
248 11.528669486608695
249 1.614910876592128
250 11.012027644563341
251 8.477334633602798
252 4.555362590727555
253 16.584544317193874
254 2.544848589699619
255 4.246590586352203
256 9.188124094280438
257 4.866189048780078
258 1.8534088184923125
259 7.9736224417415205
260 5.966181499116033
261 9.919276584446955
262 1.6800693387531205
263 4.428248849451199
264 11.137207663969386
265 2.8298871135103063
266 2.8570202073561313
267 9.53293556302071
268 6.174373944027813
269 8.389247045312713
270 4.8036272460909855
271 12.72608262601076
272 4.543326315280897
273 0.7725419192501852
274 6.967837217469939
275 7.832055503673434
276 6.329475010667123
277 1.0930096074319267
278 3.106805118652707
279 1.9088705769987186
280 6.749210061068262
281 7.2373453741392675
282 6.952644030049492
283 13.251376350874626
284 20.22737790197092
285 5.815333427359225
286 1.3829418400130817
287 1.8226820141475002
288 10.686279916266185
289 2.5719591714989383
290 10.119085207223836
291 9.160728666509183
292 8.697631622234592
293 4.073448041888591
294 2.117721802596405
295 3.9408176984608594
296 3.7459760251900223
297 13.170776975602905
298 5.62610873173306
299 4.9704554696674235
300 6.431912329836937
