1 53.157727211402104
2 54.045541413060455
3 53.1363605930389
4 90.49370183348773
5 43.475522046651726
6 43.87168882650178
7 73.27987530186104
8 80.44315675285023
9 82.70524469147544
10 54.159349749021224
11 78.18966210428681
12 53.459671528460895
13 40.891938748915614
14 54.567552326441046
15 28.11480154319348
16 52.20553625288388
17 48.72520155719041
18 55.69963757123174
19 49.66855141309949
20 55.19927182316836
21 44.645064906548164
22 42.30520757573139
23 81.42557310237635
24 49.96781716064992
25 42.756878750312076
26 51.02503481060899
27 55.528862567397404
28 61.04863647635864
29 61.73971331375207
30 47.13800103704044
31 75.50917631020342
32 39.30787051271966
33 68.97027530844525
34 47.627648041828415
35 44.71481472050514
36 35.447797420165706
37 35.871148534450654
38 46.165473195338215
39 30.725025119784796
40 49.13648935076933
41 65.18276087356948
42 79.05338440677569
43 74.50565938718427
44 48.943864061659625
45 47.35312831316866
46 54.8927286843561
47 96.26267713313877
48 46.50318638909836
49 44.18813367280942
50 61.87141976276882
