1 53.22902335649984
2 50.67154676864109
3 51.846165478178996
4 56.31805060720407
5 54.40943503332897
6 53.13430390423095
7 41.706459120151905
8 51.19619282311341
9 54.05036860568265
10 62.983090589776765
11 55.94684529975401
12 56.220570406826184
13 49.39782702527105
14 57.11012316933118
15 78.23182671081541
16 65.44449226740727
17 53.21695608939735
18 40.91949184334896
19 39.14764497213425
20 59.14257980823704
21 52.71617379084491
22 43.96773406884998
23 61.740325146590536
24 52.69584751180648
25 54.036278907985015
26 66.92759285208481
27 83.7719784302746
28 36.47127297346679
29 47.190029830803304
30 67.5966626015918
31 44.38765815336217
32 42.497036486623294
33 48.88094467152294
34 52.556374588716125
35 41.07659393856468
36 51.306532087451714
37 76.59932808962836
38 62.8337667162253
39 68.02292095220407
40 56.23375966450857
41 59.901559438482124
42 63.323254868416434
43 62.37823537634551
44 70.10722533601201
45 65.23054527867124
46 103.08970068803748
47 61.27844758071086
48 86.8366229622715
49 41.354720911520964
50 44.35483152614218
