1 44.663758385839344
2 60.27803224814823
3 59.59399121317434
4 48.061255498679465
5 58.827966178018535
6 74.50747802150154
7 56.271120787260514
8 48.02853043839933
9 47.17221594583387
10 37.31586364106232
11 49.606015030726276
12 39.94232896077058
13 38.844368785312334
14 54.93608600061653
15 45.617607620425865
16 66.14676515464866
17 52.19744440685414
18 47.66882532259978
19 75.41773135535152
20 52.10680004130818
21 59.23597526181224
22 65.14838862592691
23 54.581264669629455
24 42.75786328122043
25 57.669576058278075
26 65.8202563182176
27 62.609838759141354
28 56.40679545459123
29 45.06149718236108
30 72.22597712029238
31 41.78556232063891
32 44.30632489291948
33 42.79281482084976
34 59.62667924061819
35 61.649991671973325
36 53.21003159100707
37 71.59360666574854
38 56.55807275979134
39 78.96543221767075
40 49.6130126391802
41 52.24640776472849
42 52.067697680117746
43 73.26602679802376
44 76.85046120703272
45 63.75507746249543
46 68.40644664299361
47 71.73506826697788
48 63.132910558156
49 69.57617132672577
50 79.66505593468038
