50
62
64
8
20
7
24
39
65
21
14
79
15
75
64
74
67
62
60
66
72
68
12
5
22
28
19
10
15
68
75
34
66
12
34
46
66
25
24
76
51
48
36
22
11
60
31
67
77
39
55
35
33
6
54
36
33
57
60
49
33
23
76
33
56
42
41
46
80
60
18
49
74
28
6
27
37
9
52
20
34
69
60
14
10
9
61
51
53
10
20
45
53
66
27
40
41
19
29
27
6
54
24
54
77
54
19
38
35
17
71
29
32
17
18
22
22
17
52
70
25
57
71
18
16
63
23
74
39
38
18
9
13
26
61
34
79
70
18
73
26
26
30
36
16
55
23
78
11
52
44
34
43
66
79
63
19
33
8
78
69
42
25
11
46
71
71
7
23
19
21
76
27
57
25
60
78
50
18
49
72
55
59
40
50
55
64
47
80
72
76
71
74
51
71
52
46
56
75
69
79
72
48
65
58
51
75
45
12
20
24
31
73
46
37
29
65
44
44
65
67
46
17
71
73
7
22
74
33
76
15
10
39
20
42
60
62
28
47
9
62
61
57
42
33
43
76
22
32
51
38
60
74
50
5
22
10
5
48
21
27
74
61
77
75
34
22
79
57
8
35
47
22
40
63
25
46
66
40
36
46
20
65
51
44
27
56
19
54
65
18
64
45
69
6
63
52
57
7
65
64
8
59
26
61
52
59
75
55
58
26
16
48
45
69
57
72
74
38
5
74
52
26
69
32
5
19
61
66
32
15
38
24
47
62
42
47
39
64
59
5
37
53
56
59
70
68
20
26
55
47
74
12
63
15
56
5
51
44
14
60
54
67
16
32
70
63
37
75
21
23
72
64
22
63
23
22
37
5
37
75
67
25
19
39
40
80
44
60
76
25
18
53
66
28
19
33
19
80
31
11
17
28
58
25
34
75
11
31
41
52
49
12
52
67
9
22
78
12
51
65
22
55
15
63
11
70
65
44
64
57
41
27
46
25
35
59
14
33
41
29
26
75
77
8
29
41
64
56
45
58
21
37
60
78
25
35
60
60
21
9
73
12
12
65
50
31
22
32
57
31
55
36
11
17
62
80
18
40
51
8
35
10
49
73
57
37
67
62
80
16
59
23
65
41
38
69
49
65
38
