79
65
44
79
55
74
41
60
88
59
57
89
43
65
74
65
80
54
79
75
69
41
88
64
78
62
72
64
87
49
80
67
68
58
64
48
63
43
56
45
50
80
43
81
78
42
90
86
84
78
63
77
74
79
62
83
43
64
87
65
56
46
68
47
65
64
40
87
41
51
68
51
47
65
65
44
60
62
80
80
51
69
61
54
55
61
89
79
50
87
43
44
81
41
89
58
81
44
89
56
53
60
88
40
41
79
86
42
55
86
58
59
43
40
87
70
76
50
81
63
61
43
55
65
73
47
52
61
79
61
69
71
62
83
80
75
46
82
66
89
73
76
86
89
75
56
49
86
49
59
50
50
88
46
84
90
45
75
72
69
71
78
43
40
79
81
56
67
74
88
71
43
79
45
76
79
56
77
65
64
88
50
61
51
43
58
41
79
61
90
60
44
70
56
77
80
66
68
80
80
86
58
60
71
83
57
40
42
51
66
43
67
53
87
75
79
40
41
41
47
82
50
80
49
89
59
80
51
87
56
62
76
45
57
48
83
48
72
42
42
72
86
49
58
58
80
54
46
40
58
46
56
71
73
42
47
89
48
66
66
54
58
66
67
65
45
47
42
88
54
44
40
80
49
43
50
65
42
61
65
57
71
68
68
90
68
62
50
84
88
46
88
80
86
54
67
57
87
70
61
64
65
59
50
90
68
90
54
87
89
59
48
53
43
69
46
51
48
49
70
86
90
86
78
76
52
90
87
85
43
78
51
90
68
48
85
61
54
49
84
86
78
59
59
40
87
62
53
69
77
69
70
56
65
44
49
55
69
84
40
59
77
85
77
77
75
75
54
59
72
86
51
75
76
76
58
81
64
60
50
53
65
81
62
59
78
86
65
82
49
49
90
44
50
52
49
88
48
51
72
45
84
60
69
65
42
70
59
88
88
75
51
69
77
49
60
57
90
72
88
66
56
49
46
51
77
42
82
86
51
40
52
83
49
87
49
71
42
54
75
74
70
69
68
77
74
87
75
61
64
67
79
71
51
46
73
43
69
69
86
83
45
54
55
82
85
77
54
54
87
41
67
50
74
55
63
40
69
55
70
85
63
81
52
59
48
53
84
84
88
43
75
40
44
55
44
57
50
43
47
